0 -800
0.615885 -799.426
1.23177 -798.851
1.84766 -798.277
2.46354 -797.703
3.07943 -797.128
3.69531 -796.554
4.3112 -795.98
4.92708 -795.405
5.54297 -794.831
6.15886 -794.257
6.77474 -793.682
7.39063 -793.108
8.00651 -792.534
8.6224 -791.959
9.23828 -791.385
9.85417 -790.811
10.4701 -790.236
11.0859 -789.662
11.7018 -789.088
12.3177 -788.513
12.9336 -787.939
13.5495 -787.365
14.1654 -786.79
14.7813 -786.216
15.3971 -785.641
16.013 -785.067
16.6289 -784.493
17.2448 -783.918
17.8607 -783.344
18.4766 -782.77
19.0925 -782.195
19.7083 -781.621
20.3242 -781.047
20.9401 -780.472
21.556 -779.898
22.1719 -779.324
22.7878 -778.749
23.4037 -778.175
24.0196 -777.601
24.6354 -777.026
25.2513 -776.452
25.8672 -775.878
26.4831 -775.303
27.099 -774.729
27.7149 -774.155
28.3308 -773.58
28.9466 -773.006
29.5625 -772.432
30.1784 -771.857
30.7943 -771.283
31.4102 -770.709
32.0261 -770.134
32.642 -769.56
33.2579 -768.986
33.8737 -768.411
34.4896 -767.837
35.1055 -767.263
35.7214 -766.688
36.3373 -766.114
36.9532 -765.54
37.5691 -764.965
38.1849 -764.391
38.8008 -763.817
39.4167 -763.242
40.0326 -762.668
40.6485 -762.094
41.2644 -761.519
41.8803 -760.945
42.4962 -760.37
43.112 -759.796
43.7279 -759.222
44.3438 -758.647
44.9597 -758.073
45.5756 -757.499
46.1915 -756.924
46.8074 -756.35
47.4232 -755.776
48.0391 -755.201
48.655 -754.627
49.2709 -754.053
49.8868 -753.478
50.5027 -752.904
51.1186 -752.33
51.7345 -751.755
52.3504 -751.181
52.9663 -750.607
53.5821 -750.032
54.198 -749.458
54.8139 -748.884
55.4298 -748.309
56.0457 -747.735
56.6616 -747.161
57.2775 -746.586
57.8934 -746.012
58.5093 -745.438
59.1252 -744.863
59.7411 -744.289
60.3569 -743.715
60.9728 -743.14
61.5887 -742.566
62.2046 -741.992
62.8205 -741.417
63.4364 -740.843
64.0523 -740.269
64.6682 -739.694
65.2841 -739.12
65.9 -738.546
66.5158 -737.971
67.1317 -737.397
67.7476 -736.823
68.3635 -736.248
68.9794 -735.674
69.5953 -735.099
70.2112 -734.525
70.8271 -733.951
71.443 -733.376
72.0589 -732.802
72.6748 -732.228
73.2906 -731.653
73.9065 -731.079
74.5224 -730.505
75.1383 -729.93
75.7542 -729.356
76.3701 -728.782
76.986 -728.207
77.6019 -727.633
78.2178 -727.059
78.8337 -726.484
79.4495 -725.91
80.0654 -725.336
80.6813 -724.761
81.2972 -724.187
81.9131 -723.613
82.529 -723.038
83.1449 -722.464
83.7608 -721.89
84.3767 -721.315
84.9926 -720.741
85.6085 -720.167
86.2243 -719.592
86.8402 -719.018
87.4561 -718.444
88.072 -717.869
88.6879 -717.295
89.3038 -716.721
89.9197 -716.146
90.5356 -715.572
91.1515 -714.998
91.7674 -714.423
92.3832 -713.849
92.9991 -713.275
93.615 -712.7
94.2309 -712.126
94.8468 -711.552
95.4627 -710.977
96.0786 -710.403
96.6945 -709.828
97.3104 -709.254
97.9263 -708.68
98.5422 -708.105
99.1581 -707.531
99.774 -706.957
100.39 -706.382
101.006 -705.808
101.622 -705.234
102.238 -704.659
102.853 -704.085
103.469 -703.511
104.085 -702.936
104.701 -702.362
105.317 -701.788
105.933 -701.213
106.549 -700.639
107.165 -700.065
107.781 -699.49
108.397 -698.916
109.012 -698.342
109.628 -697.767
110.244 -697.193
110.86 -696.619
111.476 -696.044
112.092 -695.47
112.708 -694.896
113.324 -694.321
113.94 -693.747
114.556 -693.173
115.171 -692.598
115.787 -692.024
116.403 -691.45
117.019 -690.875
117.635 -690.301
118.251 -689.727
118.867 -689.152
119.483 -688.578
120.099 -688.004
120.715 -687.429
121.33 -686.855
121.946 -686.281
122.562 -685.706
123.178 -685.132
123.794 -684.557
124.41 -683.983
125.026 -683.409
125.642 -682.834
126.258 -682.26
126.874 -681.686
127.489 -681.111
128.105 -680.537
128.721 -679.963
129.337 -679.388
129.953 -678.814
130.569 -678.24
131.185 -677.665
131.801 -677.091
132.417 -676.517
133.033 -675.942
133.648 -675.368
134.264 -674.794
134.88 -674.219
135.496 -673.645
136.112 -673.071
136.728 -672.496
137.344 -671.922
137.96 -671.348
138.576 -670.773
139.192 -670.199
139.808 -669.625
140.423 -669.05
141.039 -668.476
141.655 -667.902
142.271 -667.327
142.887 -666.753
143.503 -666.179
144.119 -665.604
144.735 -665.03
145.351 -664.456
145.967 -663.881
146.582 -663.307
147.198 -662.733
147.814 -662.158
148.43 -661.584
149.046 -661.01
149.662 -660.435
150.278 -659.861
150.894 -659.286
151.51 -658.712
152.126 -658.138
152.742 -657.563
153.357 -656.989
153.973 -656.415
154.589 -655.84
155.205 -655.266
155.821 -654.692
156.437 -654.117
157.053 -653.543
157.669 -652.969
158.285 -652.394
158.901 -651.82
159.517 -651.246
160.132 -650.671
160.748 -650.097
161.364 -649.523
161.98 -648.948
162.596 -648.374
163.212 -647.8
163.828 -647.225
164.444 -646.651
165.06 -646.077
165.676 -645.502
166.292 -644.928
166.908 -644.354
167.523 -643.779
168.139 -643.205
168.755 -642.631
169.371 -642.056
169.987 -641.482
170.603 -640.908
171.219 -640.333
171.835 -639.759
172.451 -639.185
173.067 -638.61
173.683 -638.036
174.299 -637.462
174.914 -636.887
175.53 -636.313
176.146 -635.739
176.762 -635.164
177.378 -634.59
177.994 -634.016
178.61 -633.441
179.226 -632.867
179.842 -632.292
180.458 -631.718
181.074 -631.144
181.69 -630.569
182.306 -629.995
182.921 -629.421
183.537 -628.846
184.153 -628.272
184.769 -627.698
185.385 -627.123
186.001 -626.549
186.617 -625.975
187.233 -625.4
187.849 -624.826
188.465 -624.252
189.081 -623.677
189.697 -623.103
190.312 -622.529
190.928 -621.954
191.544 -621.38
192.16 -620.806
192.776 -620.231
193.392 -619.657
194.008 -619.083
194.624 -618.508
195.24 -617.934
195.856 -617.36
196.472 -616.785
197.088 -616.211
197.704 -615.637
198.32 -615.062
198.936 -614.488
199.552 -613.914
200.167 -613.339
200.783 -612.765
201.399 -612.191
202.015 -611.616
202.631 -611.042
203.247 -610.468
203.863 -609.893
204.479 -609.319
205.095 -608.745
205.711 -608.17
206.327 -607.596
206.943 -607.021
207.559 -606.447
208.175 -605.873
208.791 -605.298
209.407 -604.724
210.022 -604.15
210.638 -603.575
211.254 -603.001
211.87 -602.427
212.486 -601.852
213.102 -601.278
213.718 -600.704
214.334 -600.129
214.95 -599.555
215.566 -598.981
216.182 -598.406
216.798 -597.832
217.414 -597.258
218.03 -596.683
218.646 -596.109
219.262 -595.535
219.878 -594.96
220.494 -594.386
221.11 -593.812
221.725 -593.237
222.341 -592.663
222.957 -592.089
223.573 -591.514
224.189 -590.94
224.805 -590.366
225.421 -589.791
226.037 -589.217
226.653 -588.643
227.269 -588.068
227.885 -587.494
228.501 -586.92
229.117 -586.345
229.733 -585.771
230.349 -585.197
230.965 -584.622
231.581 -584.048
232.197 -583.474
232.813 -582.899
233.429 -582.325
234.045 -581.75
234.661 -581.176
235.277 -580.602
235.893 -580.027
236.509 -579.453
237.124 -578.879
237.74 -578.304
238.356 -577.73
238.972 -577.156
239.588 -576.581
240.204 -576.007
240.82 -575.433
241.436 -574.858
242.052 -574.284
242.668 -573.71
243.284 -573.135
243.9 -572.561
244.516 -571.987
245.132 -571.412
245.748 -570.838
246.364 -570.264
246.98 -569.689
247.596 -569.115
248.212 -568.541
248.828 -567.966
249.444 -567.392
250.06 -566.818
250.676 -566.243
251.292 -565.669
251.908 -565.095
252.524 -564.52
253.14 -563.946
253.756 -563.372
254.372 -562.797
254.988 -562.223
255.604 -561.649
256.22 -561.074
256.836 -560.5
257.452 -559.926
258.068 -559.351
258.684 -558.777
259.3 -558.203
259.916 -557.628
260.532 -557.054
261.148 -556.479
261.764 -555.905
262.38 -555.331
262.996 -554.756
263.612 -554.182
264.228 -553.608
264.844 -553.033
265.46 -552.459
266.076 -551.885
266.692 -551.31
267.308 -550.736
267.924 -550.162
268.54 -549.587
269.156 -549.013
269.772 -548.439
270.388 -547.864
271.004 -547.29
271.62 -546.716
272.236 -546.141
272.852 -545.567
273.468 -544.993
274.084 -544.418
274.7 -543.844
275.316 -543.27
275.932 -542.695
276.548 -542.121
277.164 -541.547
277.78 -540.972
278.396 -540.398
279.012 -539.824
279.628 -539.249
280.244 -538.675
280.86 -538.101
281.476 -537.526
282.092 -536.952
282.709 -536.378
283.325 -535.803
283.941 -535.229
284.557 -534.655
285.173 -534.08
285.789 -533.506
286.405 -532.932
287.021 -532.357
287.637 -531.783
288.253 -531.208
288.869 -530.634
289.485 -530.06
290.101 -529.485
290.717 -528.911
291.333 -528.337
291.949 -527.762
292.565 -527.188
293.181 -526.614
293.798 -526.039
294.414 -525.465
295.03 -524.891
295.646 -524.316
296.262 -523.742
296.878 -523.168
297.494 -522.594
298.11 -522.019
298.726 -521.445
299.342 -520.871
299.958 -520.297
300.574 -519.722
301.19 -519.148
301.807 -518.574
302.423 -517.999
303.039 -517.425
303.655 -516.851
304.271 -516.277
304.887 -515.702
305.503 -515.128
306.119 -514.554
306.735 -513.979
307.351 -513.405
307.967 -512.831
308.584 -512.257
309.2 -511.682
309.816 -511.108
310.432 -510.534
311.048 -509.959
311.664 -509.385
312.28 -508.811
312.896 -508.236
313.513 -507.662
314.129 -507.088
314.745 -506.513
315.361 -505.939
315.977 -505.365
316.593 -504.791
317.209 -504.216
317.825 -503.642
318.441 -503.068
319.058 -502.493
319.674 -501.919
320.29 -501.345
320.906 -500.77
321.522 -500.196
322.138 -499.622
322.755 -499.047
323.371 -498.473
323.987 -497.899
324.603 -497.325
325.219 -496.75
325.835 -496.176
326.451 -495.602
327.068 -495.027
327.684 -494.453
328.3 -493.879
328.916 -493.304
329.532 -492.73
330.149 -492.156
330.765 -491.581
331.381 -491.007
331.997 -490.433
332.613 -489.858
333.229 -489.284
333.846 -488.71
334.462 -488.136
335.078 -487.561
335.694 -486.987
336.31 -486.413
336.927 -485.838
337.543 -485.264
338.159 -484.69
338.775 -484.115
339.391 -483.541
340.008 -482.967
340.624 -482.392
341.24 -481.818
341.856 -481.244
342.473 -480.67
343.089 -480.095
343.705 -479.521
344.321 -478.947
344.938 -478.372
345.554 -477.798
346.17 -477.224
346.786 -476.649
347.403 -476.075
348.019 -475.501
348.635 -474.926
349.251 -474.352
349.868 -473.778
350.484 -473.203
351.1 -472.629
351.716 -472.055
352.333 -471.481
352.949 -470.906
353.565 -470.332
354.182 -469.758
354.798 -469.183
355.414 -468.609
356.03 -468.035
356.647 -467.461
357.263 -466.886
357.879 -466.312
358.496 -465.738
359.112 -465.163
359.728 -464.589
360.345 -464.015
360.961 -463.441
361.577 -462.866
362.194 -462.292
362.81 -461.718
363.426 -461.143
364.043 -460.569
364.659 -459.995
365.275 -459.421
365.892 -458.846
366.508 -458.272
367.124 -457.698
367.741 -457.124
368.357 -456.549
368.974 -455.975
369.59 -455.401
370.206 -454.826
370.823 -454.252
371.439 -453.678
372.055 -453.104
372.672 -452.529
373.288 -451.955
373.905 -451.381
374.521 -450.806
375.138 -450.232
375.754 -449.658
376.37 -449.084
376.987 -448.509
377.603 -447.935
378.22 -447.361
378.836 -446.786
379.453 -446.212
380.069 -445.638
380.685 -445.064
381.302 -444.489
381.918 -443.915
382.535 -443.341
383.151 -442.767
383.768 -442.192
384.384 -441.618
385.001 -441.044
385.617 -440.469
386.234 -439.895
386.85 -439.321
387.467 -438.747
388.083 -438.172
388.7 -437.598
389.316 -437.024
389.933 -436.449
390.549 -435.875
391.166 -435.301
391.783 -434.727
392.399 -434.152
393.016 -433.578
393.632 -433.004
394.249 -432.43
394.865 -431.855
395.482 -431.281
396.098 -430.707
396.715 -430.132
397.332 -429.558
397.948 -428.984
398.565 -428.41
399.181 -427.835
399.798 -427.261
400.415 -426.687
401.031 -426.112
401.648 -425.538
402.265 -424.964
402.881 -424.39
403.498 -423.815
404.115 -423.241
404.731 -422.667
405.348 -422.092
405.965 -421.518
406.581 -420.944
407.198 -420.37
407.815 -419.795
408.431 -419.221
409.048 -418.647
409.665 -418.073
410.282 -417.498
410.898 -416.924
411.515 -416.35
412.132 -415.776
412.749 -415.201
413.365 -414.627
413.982 -414.053
414.599 -413.479
415.216 -412.904
415.832 -412.33
416.449 -411.756
417.066 -411.182
417.683 -410.607
418.3 -410.033
418.917 -409.459
419.533 -408.885
420.15 -408.31
420.767 -407.736
421.384 -407.162
422.001 -406.588
422.618 -406.013
423.235 -405.439
423.852 -404.865
424.468 -404.291
425.085 -403.716
425.702 -403.142
426.319 -402.568
426.936 -401.994
427.553 -401.419
428.17 -400.845
428.787 -400.271
429.404 -399.697
430.021 -399.122
430.638 -398.548
431.255 -397.974
431.872 -397.4
432.489 -396.825
433.106 -396.251
433.723 -395.677
434.34 -395.103
434.957 -394.528
435.574 -393.954
436.191 -393.38
436.808 -392.806
437.425 -392.231
438.042 -391.657
438.66 -391.083
439.277 -390.509
439.894 -389.934
440.511 -389.36
441.128 -388.786
441.745 -388.212
442.362 -387.637
442.98 -387.063
443.597 -386.489
444.214 -385.915
444.831 -385.341
445.448 -384.766
446.066 -384.192
446.683 -383.618
447.3 -383.044
447.917 -382.469
448.535 -381.895
449.152 -381.321
449.769 -380.747
450.387 -380.173
451.004 -379.598
451.621 -379.024
452.239 -378.45
452.856 -377.876
453.473 -377.302
454.091 -376.727
454.708 -376.153
455.326 -375.579
455.943 -375.005
456.56 -374.43
457.178 -373.856
457.795 -373.282
458.413 -372.708
459.03 -372.134
459.648 -371.559
460.265 -370.985
460.883 -370.411
461.5 -369.837
462.118 -369.262
462.735 -368.688
463.353 -368.114
463.971 -367.54
464.588 -366.966
465.206 -366.392
465.823 -365.817
466.441 -365.243
467.059 -364.669
467.676 -364.095
468.294 -363.521
468.912 -362.946
469.53 -362.372
470.147 -361.798
470.765 -361.224
471.383 -360.65
472.001 -360.075
472.618 -359.501
473.236 -358.927
473.854 -358.353
474.472 -357.779
475.09 -357.204
475.707 -356.63
476.325 -356.056
476.943 -355.482
477.561 -354.908
478.179 -354.334
478.797 -353.759
479.415 -353.185
480.033 -352.611
480.651 -352.037
481.269 -351.463
481.887 -350.889
482.505 -350.314
483.123 -349.74
483.741 -349.166
484.359 -348.592
484.978 -348.018
485.596 -347.444
486.214 -346.869
486.832 -346.295
487.45 -345.721
488.069 -345.147
488.687 -344.573
489.305 -343.999
489.923 -343.424
490.542 -342.85
491.16 -342.276
491.778 -341.702
492.397 -341.128
493.015 -340.554
493.633 -339.98
494.252 -339.405
494.87 -338.831
495.489 -338.257
496.107 -337.683
496.726 -337.109
497.344 -336.535
497.963 -335.961
498.581 -335.387
499.2 -334.812
499.819 -334.238
500.437 -333.664
501.056 -333.09
501.674 -332.516
502.293 -331.942
502.912 -331.368
503.531 -330.794
504.149 -330.219
504.768 -329.645
505.387 -329.071
506.006 -328.497
506.625 -327.923
507.244 -327.349
507.863 -326.775
508.482 -326.201
509.1 -325.627
509.719 -325.053
510.338 -324.478
510.958 -323.904
511.577 -323.33
512.196 -322.756
512.815 -322.182
513.434 -321.608
514.053 -321.034
514.672 -320.46
515.292 -319.886
515.911 -319.312
516.53 -318.738
517.149 -318.163
517.769 -317.589
518.388 -317.015
519.007 -316.441
519.627 -315.867
520.246 -315.293
520.866 -314.719
521.485 -314.145
522.105 -313.571
522.724 -312.997
523.344 -312.423
523.964 -311.849
524.583 -311.275
525.203 -310.701
525.823 -310.127
526.442 -309.553
527.062 -308.979
527.682 -308.405
528.302 -307.831
528.922 -307.257
529.541 -306.682
530.161 -306.108
530.781 -305.534
531.401 -304.96
532.021 -304.386
532.641 -303.812
533.262 -303.238
533.882 -302.664
534.502 -302.09
535.122 -301.516
535.742 -300.942
536.363 -300.368
536.983 -299.794
537.603 -299.22
538.224 -298.646
538.844 -298.072
539.464 -297.498
540.085 -296.924
540.706 -296.35
541.326 -295.776
541.947 -295.202
542.567 -294.628
543.188 -294.055
543.809 -293.481
544.43 -292.907
545.05 -292.333
545.671 -291.759
546.292 -291.185
546.913 -290.611
547.534 -290.037
548.155 -289.463
548.776 -288.889
549.397 -288.315
550.018 -287.741
550.639 -287.167
551.261 -286.593
551.882 -286.019
552.503 -285.445
553.125 -284.871
553.746 -284.298
554.367 -283.724
554.989 -283.15
555.61 -282.576
556.232 -282.002
556.854 -281.428
557.475 -280.854
558.097 -280.28
558.719 -279.706
559.341 -279.133
559.962 -278.559
560.584 -277.985
561.206 -277.411
561.828 -276.837
562.45 -276.263
563.072 -275.689
563.695 -275.115
564.317 -274.542
564.939 -273.968
565.561 -273.394
566.184 -272.82
566.806 -272.246
567.429 -271.672
568.051 -271.099
568.674 -270.525
569.296 -269.951
569.919 -269.377
570.542 -268.803
571.164 -268.23
571.787 -267.656
572.41 -267.082
573.033 -266.508
573.656 -265.934
574.279 -265.361
574.903 -264.787
575.526 -264.213
576.149 -263.639
576.772 -263.066
577.396 -262.492
578.019 -261.918
578.643 -261.344
579.266 -260.771
579.89 -260.197
580.513 -259.623
581.137 -259.049
581.761 -258.476
582.385 -257.902
583.009 -257.328
583.633 -256.755
584.257 -256.181
584.881 -255.607
585.505 -255.034
586.13 -254.46
586.754 -253.886
587.378 -253.313
588.003 -252.739
588.627 -252.165
589.252 -251.592
589.877 -251.018
590.501 -250.444
591.126 -249.871
591.751 -249.297
592.376 -248.724
593.001 -248.15
593.626 -247.576
594.252 -247.003
594.877 -246.429
595.502 -245.856
596.128 -245.282
596.753 -244.708
597.379 -244.135
598.005 -243.561
598.63 -242.988
599.256 -242.414
599.882 -241.841
600.508 -241.267
601.134 -240.694
601.76 -240.12
602.387 -239.547
603.013 -238.973
603.639 -238.4
604.266 -237.826
604.892 -237.253
605.519 -236.679
606.146 -236.106
606.773 -235.532
607.4 -234.959
608.027 -234.385
608.654 -233.812
609.281 -233.239
609.908 -232.665
610.536 -232.092
611.163 -231.518
611.791 -230.945
612.419 -230.372
613.047 -229.798
613.674 -229.225
614.302 -228.651
614.93 -228.078
615.559 -227.505
616.187 -226.932
616.815 -226.358
617.444 -225.785
618.072 -225.212
618.701 -224.638
619.33 -224.065
619.959 -223.492
620.588 -222.919
621.217 -222.345
621.846 -221.772
622.476 -221.199
623.105 -220.626
623.735 -220.052
624.364 -219.479
624.994 -218.906
625.624 -218.333
626.254 -217.76
626.884 -217.187
627.514 -216.613
628.145 -216.04
628.775 -215.467
629.406 -214.894
630.037 -214.321
630.667 -213.748
631.298 -213.175
631.93 -212.602
632.561 -212.029
633.192 -211.456
633.824 -210.883
634.455 -210.31
635.087 -209.737
635.719 -209.164
636.351 -208.591
636.983 -208.018
637.615 -207.445
638.247 -206.872
638.88 -206.299
639.513 -205.726
640.146 -205.153
640.778 -204.58
641.411 -204.007
642.045 -203.435
642.678 -202.862
643.312 -202.289
643.945 -201.716
644.579 -201.143
645.213 -200.571
645.847 -199.998
646.481 -199.425
647.116 -198.852
647.75 -198.28
648.385 -197.707
649.02 -197.134
649.655 -196.562
650.29 -195.989
650.925 -195.416
651.561 -194.844
652.197 -194.271
652.832 -193.699
653.468 -193.126
654.105 -192.553
654.741 -191.981
655.377 -191.408
656.014 -190.836
656.651 -190.263
657.288 -189.691
657.925 -189.119
658.562 -188.546
659.2 -187.974
659.838 -187.401
660.475 -186.829
661.114 -186.257
661.752 -185.684
662.39 -185.112
663.029 -184.54
663.668 -183.967
664.307 -183.395
664.946 -182.823
665.585 -182.251
666.225 -181.679
666.865 -181.106
667.505 -180.534
668.145 -179.962
668.785 -179.39
669.426 -178.818
670.066 -178.246
670.707 -177.674
671.349 -177.102
671.99 -176.53
672.632 -175.958
673.273 -175.386
673.916 -174.814
674.558 -174.242
675.2 -173.671
675.843 -173.099
676.486 -172.527
677.129 -171.955
677.772 -171.383
678.416 -170.812
679.06 -170.24
679.704 -169.668
680.348 -169.097
680.993 -168.525
681.638 -167.954
682.283 -167.382
682.928 -166.811
683.573 -166.239
684.219 -165.668
684.865 -165.096
685.511 -164.525
686.158 -163.953
686.805 -163.382
687.452 -162.811
688.099 -162.24
688.746 -161.668
689.394 -161.097
690.042 -160.526
690.691 -159.955
691.339 -159.384
691.988 -158.813
692.637 -158.242
693.287 -157.671
693.936 -157.1
694.586 -156.529
695.237 -155.958
695.887 -155.387
696.538 -154.816
697.189 -154.245
697.841 -153.675
698.492 -153.104
699.144 -152.533
699.797 -151.963
700.449 -151.392
701.102 -150.822
701.756 -150.251
702.409 -149.681
703.063 -149.11
703.717 -148.54
704.372 -147.97
705.027 -147.399
705.682 -146.829
706.337 -146.259
706.993 -145.689
707.649 -145.119
708.306 -144.549
708.963 -143.979
709.62 -143.409
710.278 -142.839
710.935 -142.269
711.594 -141.699
712.252 -141.13
712.911 -140.56
713.571 -139.99
714.23 -139.421
714.891 -138.851
715.551 -138.282
716.212 -137.712
716.873 -137.143
717.535 -136.574
718.197 -136.005
718.859 -135.435
719.522 -134.866
720.185 -134.297
720.848 -133.728
721.512 -133.159
722.177 -132.59
722.842 -132.022
723.507 -131.453
724.172 -130.884
724.838 -130.316
725.505 -129.747
726.172 -129.179
726.839 -128.61
727.507 -128.042
728.175 -127.474
728.844 -126.905
729.513 -126.337
730.182 -125.769
730.852 -125.201
731.523 -124.633
732.193 -124.066
732.865 -123.498
733.537 -122.93
734.209 -122.363
734.882 -121.795
735.555 -121.228
736.229 -120.66
736.903 -120.093
737.578 -119.526
738.253 -118.959
738.929 -118.392
739.605 -117.825
740.282 -117.258
740.96 -116.692
741.638 -116.125
742.316 -115.559
742.995 -114.992
743.674 -114.426
744.354 -113.86
745.035 -113.293
745.716 -112.727
746.398 -112.162
747.08 -111.596
747.763 -111.03
748.446 -110.464
749.13 -109.899
749.815 -109.334
750.5 -108.768
751.186 -108.203
751.872 -107.638
752.559 -107.073
753.247 -106.509
753.935 -105.944
754.624 -105.379
755.313 -104.815
756.003 -104.251
756.694 -103.687
757.385 -103.123
758.077 -102.559
758.77 -101.995
759.463 -101.431
760.157 -100.868
760.852 -100.305
761.547 -99.7414
762.243 -99.1784
762.94 -98.6155
763.638 -98.0528
764.336 -97.4902
765.035 -96.9278
765.734 -96.3656
766.435 -95.8035
767.136 -95.2415
767.837 -94.6797
768.54 -94.1181
769.243 -93.5567
769.947 -92.9954
770.652 -92.4344
771.358 -91.8735
772.064 -91.3127
772.771 -90.7522
773.479 -90.1918
774.188 -89.6317
774.898 -89.0717
775.608 -88.512
776.32 -87.9524
777.032 -87.393
777.745 -86.8338
778.458 -86.2749
779.173 -85.7162
779.889 -85.1576
780.605 -84.5993
781.322 -84.0412
782.04 -83.4834
782.759 -82.9258
783.479 -82.3684
784.2 -81.8112
784.922 -81.2543
785.645 -80.6976
786.368 -80.1412
787.093 -79.585
787.819 -79.0291
788.545 -78.4735
789.273 -77.9181
790.001 -77.363
790.731 -76.8081
791.461 -76.2536
792.193 -75.6993
792.926 -75.1453
793.659 -74.5916
794.394 -74.0382
795.13 -73.4851
795.866 -72.9323
796.604 -72.3799
797.343 -71.8277
798.083 -71.2759
798.824 -70.7244
799.567 -70.1732
800.31 -69.6224
801.055 -69.0719
801.8 -68.5218
802.547 -67.972
803.295 -67.4226
804.044 -66.8736
804.794 -66.3249
805.546 -65.7766
806.299 -65.2288
807.053 -64.6813
807.808 -64.1342
808.565 -63.5875
809.322 -63.0412
810.081 -62.4954
810.842 -61.95
811.603 -61.405
812.366 -60.8605
813.13 -60.3165
813.896 -59.7729
814.663 -59.2297
815.431 -58.6871
816.201 -58.1449
816.972 -57.6032
817.744 -57.0621
818.518 -56.5214
819.293 -55.9813
820.07 -55.4417
820.848 -54.9026
821.628 -54.3641
822.409 -53.8262
823.191 -53.2888
823.975 -52.752
824.761 -52.2158
825.548 -51.6802
826.336 -51.1452
827.127 -50.6108
827.919 -50.077
828.712 -49.5439
829.507 -49.0115
830.304 -48.4797
831.102 -47.9486
831.902 -47.4182
832.703 -46.8885
833.507 -46.3596
834.312 -45.8313
835.118 -45.3038
835.927 -44.7771
836.737 -44.2511
837.549 -43.7259
838.362 -43.2015
839.178 -42.678
839.995 -42.1552
840.814 -41.6333
841.635 -41.1123
842.458 -40.5921
843.283 -40.0729
844.109 -39.5545
844.938 -39.0371
845.768 -38.5206
846.6 -38.0051
847.435 -37.4905
848.271 -36.977
849.109 -36.4644
849.95 -35.9529
850.792 -35.4425
851.636 -34.9331
852.483 -34.4248
853.332 -33.9176
854.182 -33.4116
855.035 -32.9067
855.89 -32.403
856.747 -31.9005
857.606 -31.3992
858.468 -30.8991
859.331 -30.4004
860.197 -29.9029
861.065 -29.4067
861.936 -28.9118
862.808 -28.4184
863.683 -27.9263
864.561 -27.4356
865.44 -26.9464
866.323 -26.4586
867.207 -25.9724
868.094 -25.4876
868.983 -25.0045
869.875 -24.5229
870.769 -24.0429
871.665 -23.5645
872.564 -23.0879
873.466 -22.6129
874.37 -22.1397
875.277 -21.6682
876.186 -21.1986
877.098 -20.7308
878.012 -20.2648
878.929 -19.8008
879.849 -19.3387
880.771 -18.8786
881.696 -18.4205
882.624 -17.9644
883.554 -17.5105
884.487 -17.0587
885.423 -16.609
886.362 -16.1616
887.303 -15.7164
888.247 -15.2734
889.194 -14.8329
890.144 -14.3947
891.097 -13.9589
892.052 -13.5256
893.01 -13.0948
893.972 -12.6665
894.936 -12.2409
895.903 -11.8179
896.872 -11.3976
897.845 -10.98
898.821 -10.5652
899.8 -10.1533
900.781 -9.74426
901.766 -9.33817
902.753 -8.93508
903.744 -8.53503
904.737 -8.13809
905.734 -7.74431
906.733 -7.35374
907.736 -6.96643
908.741 -6.58245
909.75 -6.20185
910.761 -5.82468
911.776 -5.45101
912.793 -5.08089
913.814 -4.71439
914.837 -4.35155
915.864 -3.99245
916.894 -3.63714
917.926 -3.28569
918.962 -2.93815
920 -2.59459
921.042 -2.25507
922.087 -1.91966
923.134 -1.58841
924.185 -1.2614
925.238 -0.938683
926.295 -0.620326
927.354 -0.306395
928.416 0.00304574
929.64 -0.862486
930.744 -0.862486
931.847 -0.862486
932.951 -0.862485
934.055 -0.862483
935.159 -0.86248
936.262 -0.862477
937.366 -0.862474
938.47 -0.86247
939.573 -0.862465
940.677 -0.862459
941.781 -0.862453
942.884 -0.862447
943.988 -0.86244
945.092 -0.862432
946.196 -0.862423
947.299 -0.862414
948.403 -0.862405
949.507 -0.862394
950.61 -0.862383
951.714 -0.862372
952.818 -0.86236
953.921 -0.862347
955.025 -0.862334
956.129 -0.86232
957.233 -0.862306
958.336 -0.86229
959.44 -0.862275
960.544 -0.862258
961.647 -0.862241
962.751 -0.862224
963.855 -0.862206
964.958 -0.862187
966.062 -0.862167
967.166 -0.862147
968.27 -0.862126
969.373 -0.862105
970.477 -0.862083
971.581 -0.862061
972.684 -0.862037
973.788 -0.862014
974.892 -0.861989
975.995 -0.861964
977.099 -0.861939
978.203 -0.861913
979.307 -0.861886
980.41 -0.861859
981.514 -0.861831
982.618 -0.861802
983.721 -0.861773
984.825 -0.861743
985.929 -0.861713
987.032 -0.861682
988.136 -0.86165
989.24 -0.861618
990.344 -0.861585
991.447 -0.861552
992.551 -0.861518
993.655 -0.861483
994.758 -0.861447
995.862 -0.861412
996.966 -0.861375
998.069 -0.861338
999.173 -0.8613
1000.28 -0.861261
1001.38 -0.861222
1002.48 -0.861183
1003.59 -0.861142
1004.69 -0.861101
1005.8 -0.86106
1006.9 -0.861018
1008 -0.860975
1009.11 -0.860932
1010.21 -0.860888
1011.31 -0.860843
1012.42 -0.860798
1013.52 -0.860752
1014.62 -0.860705
1015.73 -0.860658
1016.83 -0.86061
1017.94 -0.860562
1019.04 -0.860513
1020.14 -0.860463
1021.25 -0.860413
1022.35 -0.860362
1023.45 -0.860311
1024.56 -0.860259
1025.66 -0.860206
1026.77 -0.860153
1027.87 -0.860099
1028.97 -0.860044
1030.08 -0.859989
1031.18 -0.859933
1032.28 -0.859877
1033.39 -0.859819
1034.49 -0.859762
1035.6 -0.859703
1036.7 -0.859644
1037.8 -0.859585
1038.91 -0.859525
1040.01 -0.859464
1041.11 -0.859402
1042.22 -0.85934
1043.32 -0.859278
1044.43 -0.859214
1045.53 -0.859151
1046.63 -0.859086
1047.74 -0.859021
1048.84 -0.858955
1049.94 -0.858889
1051.05 -0.858822
1052.15 -0.858754
1053.26 -0.858686
1054.36 -0.858617
1055.46 -0.858547
1056.57 -0.858477
1057.67 -0.858406
1058.77 -0.858335
1059.88 -0.858263
1060.98 -0.85819
1062.09 -0.858117
1063.19 -0.858043
1064.29 -0.857969
1065.4 -0.857894
1066.5 -0.857818
1067.6 -0.857741
1068.71 -0.857664
1069.81 -0.857587
1070.92 -0.857509
1072.02 -0.85743
1073.12 -0.857351
1074.23 -0.857271
1075.33 -0.85719
1076.43 -0.857109
1077.54 -0.857027
1078.64 -0.856945
1079.75 -0.856861
1080.85 -0.856778
1081.95 -0.856693
1083.06 -0.856608
1084.16 -0.856523
1085.27 -0.856437
1086.37 -0.85635
1087.47 -0.856262
1088.58 -0.856174
1089.68 -0.856085
1090.78 -0.855996
1091.89 -0.855906
1092.99 -0.855815
1094.1 -0.855724
1095.2 -0.855632
1096.3 -0.85554
1097.41 -0.855447
1098.51 -0.855353
1099.61 -0.855259
1100.72 -0.855164
1101.82 -0.855068
1102.93 -0.854972
1104.03 -0.854876
1105.13 -0.854778
1106.24 -0.85468
1107.34 -0.854582
1108.44 -0.854483
1109.55 -0.854383
1110.65 -0.854283
1111.76 -0.85951
1112.86 -0.864737
1113.96 -0.869964
1115.07 -0.875189
1116.17 -0.880414
1117.27 -0.885638
1118.38 -0.890862
1119.48 -0.896084
1120.58 -0.901306
1121.69 -0.906527
1122.79 -0.911748
1123.89 -0.916967
1125 -0.922187
1126.1 -0.927405
1127.2 -0.932623
1128.31 -0.93784
1129.41 -0.943056
1130.51 -0.948271
1131.62 -0.953486
1132.72 -0.958701
1133.82 -0.963914
1134.93 -0.969127
1136.03 -0.974339
1137.13 -0.979551
1138.24 -0.984762
1139.34 -0.989972
1140.44 -0.995181
1141.55 -1.00039
1142.65 -1.0056
1143.75 -1.01081
1144.86 -1.01601
1145.96 -1.02122
1147.06 -1.02643
1148.16 -1.03163
1149.27 -1.03684
1150.37 -1.04204
1151.47 -1.04724
1152.58 -1.05245
1153.68 -1.05765
1154.78 -1.06285
1155.88 -1.06805
1156.99 -1.07325
1158.09 -1.07845
1159.19 -1.08365
1160.29 -1.08885
1161.4 -1.09405
1162.5 -1.09924
1163.6 -1.10444
1164.7 -1.10964
1165.81 -1.11483
1166.91 -1.12003
1168.01 -1.12522
1169.11 -1.13041
1170.22 -1.13561
1171.32 -1.1408
1172.42 -1.14599
1173.52 -1.15118
1174.63 -1.15637
1175.73 -1.16156
1176.83 -1.16675
1177.93 -1.17194
1179.04 -1.17713
1180.14 -1.18232
1181.24 -1.18751
1182.34 -1.19269
1183.44 -1.19788
1184.55 -1.20306
1185.65 -1.20825
1186.75 -1.21343
1187.85 -1.21862
1188.95 -1.2238
1190.06 -1.22898
1191.16 -1.23417
1192.26 -1.23935
1193.36 -1.24453
1194.46 -1.24971
1195.57 -1.25489
1196.67 -1.26007
1197.77 -1.26525
1198.87 -1.27043
1199.97 -1.2756
1201.07 -1.28078
1202.18 -1.28596
1203.28 -1.29114
1204.38 -1.29631
1205.48 -1.30149
1206.58 -1.30666
1207.68 -1.31184
1208.79 -1.31701
1209.89 -1.32218
1210.99 -1.32736
1212.09 -1.33253
1213.19 -1.3377
1214.29 -1.34287
1215.39 -1.34804
1216.5 -1.35321
1217.6 -1.35838
1218.7 -1.36355
1219.8 -1.36872
1220.9 -1.37389
1222 -1.37906
1223.1 -1.38422
1224.2 -1.38939
1225.31 -1.39456
1226.41 -1.39972
1227.51 -1.40489
1228.61 -1.41005
1229.71 -1.41522
1230.81 -1.42038
1231.91 -1.42555
1233.01 -1.43071
1234.11 -1.43587
1235.22 -1.44103
1236.32 -1.44619
1237.42 -1.45136
1238.52 -1.45652
1239.62 -1.46168
1240.72 -1.46684
1241.82 -1.472
1242.92 -1.47715
1244.02 -1.48231
1245.12 -1.48747
1246.22 -1.49263
1247.32 -1.49778
1248.42 -1.50294
1249.53 -1.5081
1250.63 -1.51325
1251.73 -1.51841
1252.83 -1.52356
1253.93 -1.52871
1255.03 -1.53387
1256.13 -1.53902
1257.23 -1.54417
1258.33 -1.54933
1259.43 -1.55448
1260.53 -1.55963
1261.63 -1.56478
1262.73 -1.56993
1263.83 -1.57508
1264.93 -1.58023
1266.03 -1.58538
1267.13 -1.59053
1268.23 -1.59568
1269.33 -1.60082
1270.43 -1.60597
1271.53 -1.61112
1272.63 -1.61627
1273.73 -1.62141
1274.83 -1.62656
1275.93 -1.6317
1277.03 -1.63685
1278.13 -1.64199
1279.23 -1.64714
1280.33 -1.65228
1281.43 -1.65742
1282.53 -1.66256
1283.63 -1.66771
1284.73 -1.67285
1285.83 -1.67799
1286.93 -1.68313
1288.03 -1.68827
1289.13 -1.69341
1290.23 -1.69855
1291.33 -1.70369
1292.43 -1.70883
1293.53 -1.71397
1294.63 -1.71911
1295.73 -1.72424
1296.83 -1.72938
1297.93 -1.73452
1299.03 -1.73965
1300.13 -1.74479
1301.23 -1.74993
1302.33 -1.75506
1303.43 -1.76019
1304.53 -1.76533
1305.63 -1.77046
1306.72 -1.7756
1307.82 -1.78073
1308.92 -1.78586
1310.02 -1.79099
1311.12 -1.79613
1312.22 -1.80126
1313.32 -1.80639
1314.42 -1.81152
1315.52 -1.81665
1316.62 -1.82178
1317.72 -1.82691
1318.82 -1.83204
1319.92 -1.83717
1321.01 -1.84229
1322.11 -1.84742
1323.21 -1.85255
1324.31 -1.85768
1325.41 -1.8628
1326.51 -1.86793
1327.61 -1.87306
1328.71 -1.87818
1329.81 -1.88331
1330.9 -1.88843
1332 -1.89356
1333.1 -1.89868
1334.2 -1.9038
1335.3 -1.90893
1336.4 -1.91405
1337.5 -1.91917
1338.6 -1.92429
1339.69 -1.92941
1340.79 -1.93454
1341.89 -1.93966
1342.99 -1.94478
1344.09 -1.9499
1345.19 -1.95502
1346.29 -1.96014
1347.38 -1.96526
1348.48 -1.97037
1349.58 -1.97549
1350.68 -1.98061
1351.78 -1.98573
1352.88 -1.99085
1353.98 -1.99596
1355.07 -2.00108
1356.17 -2.00619
1357.27 -2.01131
1358.37 -2.01643
1359.47 -2.02154
1360.56 -2.02666
1361.66 -2.03177
1362.76 -2.03688
1363.86 -2.042
1364.96 -2.04711
1366.06 -2.05222
1367.15 -2.05733
1368.25 -2.06245
1369.35 -2.06756
1370.45 -2.07267
1371.55 -2.07778
1372.64 -2.08289
1373.74 -2.088
1374.84 -2.09311
1375.94 -2.09822
1377.03 -2.10333
1378.13 -2.10844
1379.23 -2.11355
1380.33 -2.11865
1381.43 -2.12376
1382.52 -2.12887
1383.62 -2.13398
1384.72 -2.13908
1385.82 -2.14419
1386.91 -2.1493
1388.01 -2.1544
1389.11 -2.15951
1390.21 -2.16461
1391.3 -2.16972
1392.4 -2.17482
1393.5 -2.17992
1394.6 -2.18503
1395.69 -2.19013
1396.79 -2.19523
1397.89 -2.20034
1398.99 -2.20544
1400.08 -2.21054
1401.18 -2.21564
1402.28 -2.22074
1403.38 -2.22584
1404.47 -2.23094
1405.57 -2.23604
1406.67 -2.24114
1407.76 -2.24624
1408.86 -2.25134
1409.96 -2.25644
1411.06 -2.26154
1412.15 -2.26664
1413.25 -2.27174
1414.35 -2.27683
1415.44 -2.28193
1416.54 -2.28703
1417.64 -2.29212
1418.73 -2.29722
1419.83 -2.30232
1420.93 -2.30741
1422.03 -2.31251
1423.12 -2.3176
1424.22 -2.3227
1425.32 -2.32779
1426.41 -2.33288
1427.51 -2.33798
1428.61 -2.34307
1429.7 -2.34816
1430.8 -2.35326
1431.9 -2.35835
1432.99 -2.36344
1434.09 -2.36853
1435.19 -2.37362
1436.28 -2.37871
1437.38 -2.3838
1438.48 -2.38889
1439.57 -2.39398
1440.67 -2.39907
1441.77 -2.40416
1442.86 -2.40925
1443.96 -2.41434
1445.05 -2.41943
1446.15 -2.42452
1447.25 -2.42961
1448.34 -2.43469
1449.44 -2.43978
1450.54 -2.44487
1451.63 -2.44995
1452.73 -2.45504
1453.82 -2.46012
1454.92 -2.46521
1456.02 -2.4703
1457.11 -2.47538
1458.21 -2.48046
1459.3 -2.48555
1460.4 -2.49063
1461.5 -2.49572
1462.59 -2.5008
1463.69 -2.50588
1464.78 -2.51097
1465.88 -2.51605
1466.98 -2.52113
1468.07 -2.52621
1469.17 -2.53129
1470.26 -2.53637
1471.36 -2.54146
1472.46 -2.54654
1473.55 -2.55162
1474.65 -2.5567
1475.74 -2.56178
1476.84 -2.56685
1477.93 -2.57193
1479.03 -2.57701
1480.13 -2.58209
1481.22 -2.58717
1482.32 -2.59225
1483.41 -2.59732
1484.51 -2.6024
1485.6 -2.60748
1486.7 -2.61255
1487.79 -2.61763
1488.89 -2.62271
1489.99 -2.62778
1491.08 -2.63286
1492.18 -2.63793
1493.27 -2.64301
1494.37 -2.64808
1495.46 -2.65316
1496.56 -2.65823
1497.65 -2.6633
1498.75 -2.66838
1499.84 -2.67345
1500.94 -2.67852
1502.03 -2.6836
1503.13 -2.68867
1504.22 -2.69374
1505.32 -2.69881
1506.41 -2.70388
1507.51 -2.70895
1508.6 -2.71402
1509.7 -2.71909
1510.79 -2.72416
1511.89 -2.72923
1512.98 -2.7343
1514.08 -2.73937
1515.17 -2.74444
1516.27 -2.74951
1517.36 -2.75458
1518.46 -2.75965
1519.55 -2.76471
1520.65 -2.76978
1521.74 -2.77485
1522.84 -2.77991
1523.93 -2.78498
1525.03 -2.79005
1526.12 -2.79511
1527.21 -2.80018
1528.31 -2.80524
1529.4 -2.81031
1530.5 -2.81537
1531.59 -2.82044
1532.69 -2.8255
1533.78 -2.83057
1534.88 -2.83563
1535.97 -2.84069
1537.07 -2.84576
1538.16 -2.85082
1539.25 -2.85588
1540.35 -2.86094
1541.44 -2.866
1542.54 -2.87107
1543.63 -2.87613
1544.73 -2.88119
1545.82 -2.88625
1546.91 -2.89131
1548.01 -2.89637
1549.1 -2.90143
1550.2 -2.90649
1551.29 -2.91155
1552.38 -2.91661
1553.48 -2.92167
1554.57 -2.92672
1555.67 -2.93178
1556.76 -2.93684
1557.85 -2.9419
1558.95 -2.94695
1560.04 -2.95201
1561.14 -2.95707
1562.23 -2.96213
1563.32 -2.96718
1564.42 -2.97224
1565.51 -2.97729
