0 -800
0.635554 -799.448
1.27111 -798.895
1.90666 -798.343
2.54221 -797.79
3.17777 -797.238
3.81332 -796.685
4.44888 -796.133
5.08443 -795.58
5.71998 -795.028
6.35554 -794.475
6.99109 -793.923
7.62665 -793.37
8.2622 -792.818
8.89775 -792.265
9.53331 -791.713
10.1689 -791.16
10.8044 -790.608
11.44 -790.055
12.0755 -789.503
12.7111 -788.95
13.3466 -788.398
13.9822 -787.845
14.6177 -787.293
15.2533 -786.74
15.8889 -786.188
16.5244 -785.635
17.16 -785.083
17.7955 -784.53
18.4311 -783.978
19.0666 -783.425
19.7022 -782.873
20.3377 -782.32
20.9733 -781.768
21.6088 -781.215
22.2444 -780.663
22.88 -780.11
23.5155 -779.558
24.1511 -779.005
24.7866 -778.453
25.4222 -777.9
26.0577 -777.348
26.6933 -776.795
27.3288 -776.243
27.9644 -775.69
28.6 -775.138
29.2355 -774.585
29.8711 -774.033
30.5066 -773.48
31.1422 -772.928
31.7777 -772.375
32.4133 -771.823
33.0488 -771.271
33.6844 -770.718
34.32 -770.166
34.9555 -769.613
35.5911 -769.061
36.2266 -768.508
36.8622 -767.956
37.4977 -767.403
38.1333 -766.851
38.7688 -766.298
39.4044 -765.746
40.04 -765.193
40.6755 -764.641
41.3111 -764.088
41.9466 -763.536
42.5822 -762.983
43.2177 -762.431
43.8533 -761.878
44.4888 -761.326
45.1244 -760.773
45.7599 -760.221
46.3955 -759.668
47.0311 -759.116
47.6666 -758.563
48.3022 -758.011
48.9377 -757.458
49.5733 -756.906
50.2088 -756.353
50.8444 -755.801
51.4799 -755.248
52.1155 -754.696
52.7511 -754.143
53.3866 -753.591
54.0222 -753.038
54.6577 -752.486
55.2933 -751.933
55.9288 -751.381
56.5644 -750.828
57.2 -750.276
57.8355 -749.723
58.4711 -749.171
59.1066 -748.618
59.7422 -748.066
60.3778 -747.513
61.0133 -746.961
61.6489 -746.408
62.2844 -745.856
62.92 -745.303
63.5555 -744.751
64.1911 -744.198
64.8267 -743.646
65.4622 -743.094
66.0978 -742.541
66.7333 -741.989
67.3689 -741.436
68.0045 -740.884
68.64 -740.331
69.2756 -739.779
69.9111 -739.226
70.5467 -738.674
71.1823 -738.121
71.8178 -737.569
72.4534 -737.016
73.0889 -736.464
73.7245 -735.911
74.3601 -735.359
74.9956 -734.806
75.6312 -734.254
76.2667 -733.701
76.9023 -733.149
77.5378 -732.596
78.1734 -732.044
78.809 -731.491
79.4445 -730.939
80.0801 -730.386
80.7156 -729.834
81.3512 -729.281
81.9868 -728.729
82.6223 -728.176
83.2579 -727.624
83.8934 -727.071
84.529 -726.519
85.1646 -725.966
85.8001 -725.414
86.4357 -724.861
87.0712 -724.309
87.7068 -723.756
88.3424 -723.204
88.9779 -722.651
89.6135 -722.099
90.249 -721.546
90.8846 -720.994
91.5201 -720.441
92.1557 -719.889
92.7913 -719.336
93.4268 -718.784
94.0624 -718.231
94.6979 -717.679
95.3335 -717.126
95.9691 -716.574
96.6046 -716.021
97.2402 -715.469
97.8757 -714.917
98.5113 -714.364
99.1469 -713.812
99.7824 -713.259
100.418 -712.707
101.054 -712.154
101.689 -711.602
102.325 -711.049
102.96 -710.497
103.596 -709.944
104.231 -709.392
104.867 -708.839
105.502 -708.287
106.138 -707.734
106.774 -707.182
107.409 -706.629
108.045 -706.077
108.68 -705.524
109.316 -704.972
109.951 -704.419
110.587 -703.867
111.223 -703.314
111.858 -702.762
112.494 -702.209
113.129 -701.657
113.765 -701.104
114.4 -700.552
115.036 -699.999
115.672 -699.447
116.307 -698.894
116.943 -698.342
117.578 -697.789
118.214 -697.237
118.849 -696.684
119.485 -696.132
120.121 -695.579
120.756 -695.027
121.392 -694.474
122.027 -693.922
122.663 -693.369
123.298 -692.817
123.934 -692.264
124.569 -691.712
125.205 -691.159
125.841 -690.607
126.476 -690.054
127.112 -689.502
127.747 -688.949
128.383 -688.397
129.018 -687.844
129.654 -687.292
130.29 -686.74
130.925 -686.187
131.561 -685.635
132.196 -685.082
132.832 -684.53
133.467 -683.977
134.103 -683.425
134.739 -682.872
135.374 -682.32
136.01 -681.767
136.645 -681.215
137.281 -680.662
137.917 -680.11
138.552 -679.557
139.188 -679.005
139.823 -678.452
140.459 -677.9
141.094 -677.347
141.73 -676.795
142.366 -676.242
143.001 -675.69
143.637 -675.137
144.272 -674.585
144.908 -674.032
145.543 -673.48
146.179 -672.927
146.815 -672.375
147.45 -671.822
148.086 -671.27
148.721 -670.717
149.357 -670.165
149.992 -669.612
150.628 -669.06
151.264 -668.507
151.899 -667.955
152.535 -667.402
153.17 -666.85
153.806 -666.297
154.441 -665.745
155.077 -665.192
155.713 -664.64
156.348 -664.087
156.984 -663.535
157.619 -662.982
158.255 -662.43
158.89 -661.877
159.526 -661.325
160.162 -660.772
160.797 -660.22
161.433 -659.667
162.068 -659.115
162.704 -658.562
163.339 -658.01
163.975 -657.458
164.611 -656.905
165.246 -656.353
165.882 -655.8
166.517 -655.248
167.153 -654.695
167.789 -654.143
168.424 -653.59
169.06 -653.038
169.695 -652.485
170.331 -651.933
170.966 -651.38
171.602 -650.828
172.238 -650.275
172.873 -649.723
173.509 -649.17
174.144 -648.618
174.78 -648.065
175.416 -647.513
176.051 -646.96
176.687 -646.408
177.322 -645.855
177.958 -645.303
178.593 -644.75
179.229 -644.198
179.865 -643.645
180.5 -643.093
181.136 -642.54
181.771 -641.988
182.407 -641.435
183.043 -640.883
183.678 -640.33
184.314 -639.778
184.949 -639.225
185.585 -638.673
186.221 -638.12
186.856 -637.568
187.492 -637.015
188.127 -636.463
188.763 -635.91
189.399 -635.358
190.034 -634.805
190.67 -634.253
191.305 -633.7
191.941 -633.148
192.576 -632.595
193.212 -632.043
193.848 -631.49
194.483 -630.938
195.119 -630.385
195.754 -629.833
196.39 -629.281
197.026 -628.728
197.661 -628.176
198.297 -627.623
198.932 -627.071
199.568 -626.518
200.204 -625.966
200.839 -625.413
201.475 -624.861
202.11 -624.308
202.746 -623.756
203.382 -623.203
204.017 -622.651
204.653 -622.098
205.288 -621.546
205.924 -620.993
206.56 -620.441
207.195 -619.888
207.831 -619.336
208.466 -618.783
209.102 -618.231
209.738 -617.678
210.373 -617.126
211.009 -616.573
211.644 -616.021
212.28 -615.468
212.916 -614.916
213.551 -614.363
214.187 -613.811
214.822 -613.258
215.458 -612.706
216.094 -612.153
216.729 -611.601
217.365 -611.048
218 -610.496
218.636 -609.943
219.272 -609.391
219.907 -608.838
220.543 -608.286
221.178 -607.733
221.814 -607.181
222.45 -606.628
223.085 -606.076
223.721 -605.523
224.356 -604.971
224.992 -604.418
225.628 -603.866
226.263 -603.313
226.899 -602.761
227.535 -602.208
228.17 -601.656
228.806 -601.104
229.441 -600.551
230.077 -599.999
230.713 -599.446
231.348 -598.894
231.984 -598.341
232.62 -597.789
233.255 -597.236
233.891 -596.684
234.526 -596.131
235.162 -595.579
235.798 -595.026
236.433 -594.474
237.069 -593.921
237.705 -593.369
238.34 -592.816
238.976 -592.264
239.611 -591.711
240.247 -591.159
240.883 -590.606
241.518 -590.054
242.154 -589.501
242.79 -588.949
243.425 -588.396
244.061 -587.844
244.696 -587.291
245.332 -586.739
245.968 -586.186
246.603 -585.634
247.239 -585.081
247.875 -584.529
248.51 -583.976
249.146 -583.424
249.781 -582.871
250.417 -582.319
251.053 -581.766
251.688 -581.214
252.324 -580.661
252.96 -580.109
253.595 -579.556
254.231 -579.004
254.867 -578.451
255.502 -577.899
256.138 -577.346
256.773 -576.794
257.409 -576.241
258.045 -575.689
258.68 -575.136
259.316 -574.584
259.952 -574.031
260.587 -573.479
261.223 -572.927
261.859 -572.374
262.494 -571.822
263.13 -571.269
263.766 -570.717
264.401 -570.164
265.037 -569.612
265.673 -569.059
266.308 -568.507
266.944 -567.954
267.58 -567.402
268.215 -566.849
268.851 -566.297
269.487 -565.744
270.122 -565.192
270.758 -564.639
271.393 -564.087
272.029 -563.534
272.665 -562.982
273.3 -562.429
273.936 -561.877
274.572 -561.324
275.207 -560.772
275.843 -560.219
276.479 -559.667
277.114 -559.114
277.75 -558.562
278.386 -558.009
279.021 -557.457
279.657 -556.904
280.293 -556.352
280.929 -555.799
281.564 -555.247
282.2 -554.694
282.836 -554.142
283.471 -553.589
284.107 -553.037
284.743 -552.484
285.378 -551.932
286.014 -551.379
286.65 -550.827
287.285 -550.274
287.921 -549.722
288.557 -549.17
289.192 -548.617
289.828 -548.065
290.464 -547.512
291.099 -546.96
291.735 -546.407
292.371 -545.855
293.006 -545.303
293.642 -544.75
294.278 -544.198
294.914 -543.645
295.549 -543.093
296.185 -542.54
296.821 -541.988
297.456 -541.436
298.092 -540.883
298.728 -540.331
299.364 -539.778
299.999 -539.226
300.635 -538.673
301.271 -538.121
301.906 -537.569
302.542 -537.016
303.178 -536.464
303.814 -535.911
304.449 -535.359
305.085 -534.806
305.721 -534.254
306.356 -533.702
306.992 -533.149
307.628 -532.597
308.264 -532.044
308.899 -531.492
309.535 -530.939
310.171 -530.387
310.806 -529.835
311.442 -529.282
312.078 -528.73
312.714 -528.177
313.349 -527.625
313.985 -527.072
314.621 -526.52
315.257 -525.968
315.892 -525.415
316.528 -524.863
317.164 -524.31
317.8 -523.758
318.435 -523.205
319.071 -522.653
319.707 -522.101
320.343 -521.548
320.978 -520.996
321.614 -520.443
322.25 -519.891
322.886 -519.338
323.521 -518.786
324.157 -518.234
324.793 -517.681
325.429 -517.129
326.065 -516.576
326.7 -516.024
327.336 -515.471
327.972 -514.919
328.608 -514.367
329.243 -513.814
329.879 -513.262
330.515 -512.709
331.151 -512.157
331.786 -511.604
332.422 -511.052
333.058 -510.499
333.694 -509.947
334.33 -509.395
334.965 -508.842
335.601 -508.29
336.237 -507.737
336.873 -507.185
337.509 -506.632
338.144 -506.08
338.78 -505.527
339.416 -504.975
340.052 -504.423
340.688 -503.87
341.323 -503.318
341.959 -502.765
342.595 -502.213
343.231 -501.66
343.867 -501.108
344.503 -500.556
345.138 -500.003
345.774 -499.451
346.41 -498.898
347.046 -498.346
347.682 -497.793
348.318 -497.241
348.953 -496.689
349.589 -496.136
350.225 -495.584
350.861 -495.031
351.497 -494.479
352.133 -493.926
352.768 -493.374
353.404 -492.822
354.04 -492.269
354.676 -491.717
355.312 -491.164
355.948 -490.612
356.584 -490.059
357.22 -489.507
357.855 -488.955
358.491 -488.402
359.127 -487.85
359.763 -487.297
360.399 -486.745
361.035 -486.192
361.671 -485.64
362.307 -485.088
362.942 -484.535
363.578 -483.983
364.214 -483.43
364.85 -482.878
365.486 -482.325
366.122 -481.773
366.758 -481.221
367.394 -480.668
368.03 -480.116
368.666 -479.563
369.302 -479.011
369.937 -478.458
370.573 -477.906
371.209 -477.354
371.845 -476.801
372.481 -476.249
373.117 -475.696
373.753 -475.144
374.389 -474.591
375.025 -474.039
375.661 -473.487
376.297 -472.934
376.933 -472.382
377.569 -471.829
378.205 -471.277
378.841 -470.724
379.477 -470.172
380.113 -469.62
380.749 -469.067
381.385 -468.515
382.021 -467.962
382.657 -467.41
383.293 -466.857
383.928 -466.305
384.564 -465.753
385.2 -465.2
385.836 -464.648
386.473 -464.095
387.109 -463.543
387.745 -462.99
388.381 -462.438
389.017 -461.886
389.653 -461.333
390.289 -460.781
390.925 -460.228
391.561 -459.676
392.197 -459.124
392.833 -458.571
393.469 -458.019
394.105 -457.466
394.741 -456.914
395.377 -456.362
396.013 -455.809
396.649 -455.257
397.285 -454.704
397.921 -454.152
398.557 -453.6
399.193 -453.047
399.829 -452.495
400.466 -451.942
401.102 -451.39
401.738 -450.838
402.374 -450.285
403.01 -449.733
403.646 -449.18
404.282 -448.628
404.918 -448.076
405.554 -447.523
406.191 -446.971
406.827 -446.418
407.463 -445.866
408.099 -445.314
408.735 -444.761
409.371 -444.209
410.007 -443.656
410.644 -443.104
411.28 -442.552
411.916 -441.999
412.552 -441.447
413.188 -440.895
413.824 -440.342
414.461 -439.79
415.097 -439.237
415.733 -438.685
416.369 -438.133
417.005 -437.58
417.642 -437.028
418.278 -436.475
418.914 -435.923
419.55 -435.371
420.187 -434.818
420.823 -434.266
421.459 -433.713
422.095 -433.161
422.732 -432.609
423.368 -432.056
424.004 -431.504
424.64 -430.952
425.277 -430.399
425.913 -429.847
426.549 -429.294
427.186 -428.742
427.822 -428.19
428.458 -427.637
429.095 -427.085
429.731 -426.533
430.367 -425.98
431.004 -425.428
431.64 -424.876
432.276 -424.323
432.913 -423.771
433.549 -423.218
434.185 -422.666
434.822 -422.114
435.458 -421.561
436.094 -421.009
436.731 -420.457
437.367 -419.904
438.004 -419.352
438.64 -418.799
439.276 -418.247
439.913 -417.695
440.549 -417.142
441.186 -416.59
441.822 -416.038
442.459 -415.485
443.095 -414.933
443.732 -414.381
444.368 -413.828
445.004 -413.276
445.641 -412.724
446.277 -412.171
446.914 -411.619
447.55 -411.067
448.187 -410.514
448.824 -409.962
449.46 -409.41
450.097 -408.857
450.733 -408.305
451.37 -407.753
452.006 -407.2
452.643 -406.648
453.279 -406.096
453.916 -405.543
454.553 -404.991
455.189 -404.439
455.826 -403.886
456.462 -403.334
457.099 -402.782
457.736 -402.229
458.372 -401.677
459.009 -401.125
459.646 -400.572
460.282 -400.02
460.919 -399.468
461.556 -398.915
462.192 -398.363
462.829 -397.811
463.466 -397.258
464.103 -396.706
464.739 -396.154
465.376 -395.602
466.013 -395.049
466.649 -394.497
467.286 -393.945
467.923 -393.392
468.56 -392.84
469.197 -392.288
469.833 -391.735
470.47 -391.183
471.107 -390.631
471.744 -390.078
472.381 -389.526
473.018 -388.974
473.655 -388.422
474.291 -387.869
474.928 -387.317
475.565 -386.765
476.202 -386.212
476.839 -385.66
477.476 -385.108
478.113 -384.556
478.75 -384.003
479.387 -383.451
480.024 -382.899
480.661 -382.346
481.298 -381.794
481.935 -381.242
482.572 -380.69
483.209 -380.137
483.846 -379.585
484.483 -379.033
485.12 -378.481
485.757 -377.928
486.394 -377.376
487.031 -376.824
487.668 -376.272
488.305 -375.719
488.943 -375.167
489.58 -374.615
490.217 -374.063
490.854 -373.51
491.491 -372.958
492.128 -372.406
492.766 -371.854
493.403 -371.301
494.04 -370.749
494.677 -370.197
495.315 -369.645
495.952 -369.092
496.589 -368.54
497.227 -367.988
497.864 -367.436
498.501 -366.883
499.139 -366.331
499.776 -365.779
500.413 -365.227
501.051 -364.675
501.688 -364.122
502.325 -363.57
502.963 -363.018
503.6 -362.466
504.238 -361.913
504.875 -361.361
505.513 -360.809
506.15 -360.257
506.788 -359.705
507.425 -359.152
508.063 -358.6
508.7 -358.048
509.338 -357.496
509.976 -356.944
510.613 -356.392
511.251 -355.839
511.888 -355.287
512.526 -354.735
513.164 -354.183
513.802 -353.631
514.439 -353.078
515.077 -352.526
515.715 -351.974
516.352 -351.422
516.99 -350.87
517.628 -350.318
518.266 -349.766
518.904 -349.213
519.542 -348.661
520.179 -348.109
520.817 -347.557
521.455 -347.005
522.093 -346.453
522.731 -345.9
523.369 -345.348
524.007 -344.796
524.645 -344.244
525.283 -343.692
525.921 -343.14
526.559 -342.588
527.197 -342.036
527.835 -341.483
528.473 -340.931
529.112 -340.379
529.75 -339.827
530.388 -339.275
531.026 -338.723
531.664 -338.171
532.303 -337.619
532.941 -337.067
533.579 -336.515
534.217 -335.962
534.856 -335.41
535.494 -334.858
536.133 -334.306
536.771 -333.754
537.409 -333.202
538.048 -332.65
538.686 -332.098
539.325 -331.546
539.963 -330.994
540.602 -330.442
541.24 -329.89
541.879 -329.338
542.517 -328.786
543.156 -328.234
543.795 -327.682
544.433 -327.13
545.072 -326.578
545.711 -326.025
546.349 -325.473
546.988 -324.921
547.627 -324.369
548.266 -323.817
548.905 -323.265
549.543 -322.713
550.182 -322.161
550.821 -321.609
551.46 -321.057
552.099 -320.505
552.738 -319.953
553.377 -319.401
554.016 -318.849
554.655 -318.298
555.294 -317.746
555.934 -317.194
556.573 -316.642
557.212 -316.09
557.851 -315.538
558.49 -314.986
559.13 -314.434
559.769 -313.882
560.408 -313.33
561.048 -312.778
561.687 -312.226
562.326 -311.674
562.966 -311.122
563.605 -310.57
564.245 -310.018
564.884 -309.467
565.524 -308.915
566.164 -308.363
566.803 -307.811
567.443 -307.259
568.083 -306.707
568.722 -306.155
569.362 -305.603
570.002 -305.051
570.642 -304.5
571.282 -303.948
571.921 -303.396
572.561 -302.844
573.201 -302.292
573.841 -301.74
574.481 -301.189
575.121 -300.637
575.762 -300.085
576.402 -299.533
577.042 -298.981
577.682 -298.43
578.322 -297.878
578.963 -297.326
579.603 -296.774
580.243 -296.222
580.884 -295.671
581.524 -295.119
582.165 -294.567
582.805 -294.015
583.446 -293.464
584.086 -292.912
584.727 -292.36
585.368 -291.808
586.008 -291.257
586.649 -290.705
587.29 -290.153
587.931 -289.601
588.571 -289.05
589.212 -288.498
589.853 -287.946
590.494 -287.395
591.135 -286.843
591.776 -286.291
592.418 -285.74
593.059 -285.188
593.7 -284.636
594.341 -284.085
594.982 -283.533
595.624 -282.981
596.265 -282.43
596.907 -281.878
597.548 -281.327
598.19 -280.775
598.831 -280.223
599.473 -279.672
600.115 -279.12
600.756 -278.569
601.398 -278.017
602.04 -277.465
602.682 -276.914
603.324 -276.362
603.966 -275.811
604.608 -275.259
605.25 -274.708
605.892 -274.156
606.534 -273.605
607.176 -273.053
607.818 -272.502
608.461 -271.95
609.103 -271.399
609.746 -270.847
610.388 -270.296
611.031 -269.744
611.673 -269.193
612.316 -268.642
612.958 -268.09
613.601 -267.539
614.244 -266.987
614.887 -266.436
615.53 -265.884
616.173 -265.333
616.816 -264.782
617.459 -264.23
618.102 -263.679
618.746 -263.128
619.389 -262.576
620.032 -262.025
620.676 -261.474
621.319 -260.922
621.963 -260.371
622.606 -259.82
623.25 -259.268
623.894 -258.717
624.537 -258.166
625.181 -257.615
625.825 -257.063
626.469 -256.512
627.113 -255.961
627.757 -255.41
628.401 -254.859
629.046 -254.307
629.69 -253.756
630.334 -253.205
630.979 -252.654
631.623 -252.103
632.268 -251.552
632.913 -251
633.557 -250.449
634.202 -249.898
634.847 -249.347
635.492 -248.796
636.137 -248.245
636.782 -247.694
637.427 -247.143
638.072 -246.592
638.718 -246.041
639.363 -245.49
640.009 -244.939
640.654 -244.388
641.3 -243.837
641.945 -243.286
642.591 -242.735
643.237 -242.184
643.883 -241.633
644.529 -241.082
645.175 -240.531
645.821 -239.981
646.468 -239.43
647.114 -238.879
647.761 -238.328
648.407 -237.777
649.054 -237.226
649.7 -236.676
650.347 -236.125
650.994 -235.574
651.641 -235.023
652.288 -234.473
652.935 -233.922
653.582 -233.371
654.23 -232.82
654.877 -232.27
655.525 -231.719
656.172 -231.168
656.82 -230.618
657.468 -230.067
658.116 -229.517
658.764 -228.966
659.412 -228.415
660.06 -227.865
660.708 -227.314
661.357 -226.764
662.005 -226.213
662.654 -225.663
663.302 -225.112
663.951 -224.562
664.6 -224.011
665.249 -223.461
665.898 -222.911
666.548 -222.36
667.197 -221.81
667.846 -221.26
668.496 -220.709
669.146 -220.159
669.795 -219.609
670.445 -219.058
671.095 -218.508
671.745 -217.958
672.395 -217.408
673.046 -216.857
673.696 -216.307
674.347 -215.757
674.997 -215.207
675.648 -214.657
676.299 -214.107
676.95 -213.557
677.602 -213.007
678.253 -212.457
678.904 -211.906
679.556 -211.356
680.207 -210.807
680.859 -210.257
681.511 -209.707
682.163 -209.157
682.815 -208.607
683.468 -208.057
684.12 -207.507
684.773 -206.957
685.425 -206.408
686.078 -205.858
686.731 -205.308
687.384 -204.758
688.038 -204.209
688.691 -203.659
689.345 -203.109
689.998 -202.56
690.652 -202.01
691.306 -201.46
691.96 -200.911
692.614 -200.361
693.269 -199.812
693.923 -199.262
694.578 -198.713
695.233 -198.164
695.888 -197.614
696.543 -197.065
697.198 -196.515
697.854 -195.966
698.51 -195.417
699.165 -194.868
699.821 -194.318
700.477 -193.769
701.134 -193.22
701.79 -192.671
702.447 -192.122
703.103 -191.573
703.76 -191.024
704.417 -190.475
705.075 -189.926
705.732 -189.377
706.39 -188.828
707.048 -188.279
707.706 -187.73
708.364 -187.181
709.022 -186.632
709.681 -186.084
710.339 -185.535
710.998 -184.986
711.657 -184.437
712.316 -183.889
712.976 -183.34
713.635 -182.792
714.295 -182.243
714.955 -181.695
715.615 -181.146
716.276 -180.598
716.936 -180.049
717.597 -179.501
718.258 -178.953
718.919 -178.405
719.581 -177.856
720.242 -177.308
720.904 -176.76
721.566 -176.212
722.229 -175.664
722.891 -175.116
723.554 -174.568
724.216 -174.02
724.88 -173.472
725.543 -172.924
726.206 -172.376
726.87 -171.828
727.534 -171.281
728.198 -170.733
728.863 -170.185
729.527 -169.638
730.192 -169.09
730.857 -168.543
731.523 -167.995
732.188 -167.448
732.854 -166.9
733.52 -166.353
734.187 -165.806
734.853 -165.259
735.52 -164.711
736.187 -164.164
736.854 -163.617
737.522 -163.07
738.19 -162.523
738.858 -161.976
739.526 -161.429
740.195 -160.883
740.864 -160.336
741.533 -159.789
742.202 -159.242
742.872 -158.696
743.542 -158.149
744.212 -157.603
744.882 -157.056
745.553 -156.51
746.224 -155.964
746.896 -155.417
747.567 -154.871
748.239 -154.325
748.911 -153.779
749.584 -153.233
750.257 -152.687
750.93 -152.141
751.603 -151.595
752.277 -151.05
752.951 -150.504
753.625 -149.958
754.3 -149.413
754.975 -148.867
755.65 -148.322
756.326 -147.776
757.001 -147.231
757.678 -146.686
758.354 -146.141
759.031 -145.596
759.708 -145.051
760.386 -144.506
761.064 -143.961
761.742 -143.416
762.42 -142.871
763.099 -142.327
763.779 -141.782
764.458 -141.238
765.138 -140.693
765.818 -140.149
766.499 -139.605
767.18 -139.061
767.861 -138.516
768.543 -137.972
769.225 -137.429
769.908 -136.885
770.591 -136.341
771.274 -135.797
771.958 -135.254
772.642 -134.71
773.326 -134.167
774.011 -133.624
774.696 -133.08
775.382 -132.537
776.068 -131.994
776.754 -131.451
777.441 -130.909
778.129 -130.366
778.816 -129.823
779.504 -129.281
780.193 -128.738
780.882 -128.196
781.571 -127.654
782.261 -127.112
782.951 -126.57
783.642 -126.028
784.333 -125.486
785.025 -124.945
785.717 -124.403
786.41 -123.862
787.103 -123.32
787.796 -122.779
788.49 -122.238
789.184 -121.697
789.879 -121.156
790.575 -120.616
791.271 -120.075
791.967 -119.534
792.664 -118.994
793.361 -118.454
794.059 -117.914
794.757 -117.374
795.456 -116.834
796.156 -116.294
796.855 -115.755
797.556 -115.215
798.257 -114.676
798.958 -114.137
799.66 -113.598
800.363 -113.059
801.066 -112.52
801.77 -111.982
802.474 -111.444
803.179 -110.905
803.884 -110.367
804.59 -109.829
805.297 -109.292
806.004 -108.754
806.711 -108.216
807.419 -107.679
808.128 -107.142
808.838 -106.605
809.548 -106.068
810.259 -105.532
810.97 -104.995
811.682 -104.459
812.394 -103.923
813.107 -103.387
813.821 -102.851
814.536 -102.316
815.251 -101.781
815.967 -101.245
816.683 -100.71
817.4 -100.176
818.118 -99.6412
818.836 -99.1068
819.555 -98.5727
820.275 -98.0388
820.996 -97.5051
821.717 -96.9716
822.439 -96.4383
823.161 -95.9052
823.885 -95.3724
824.609 -94.8397
825.333 -94.3073
826.059 -93.7752
826.785 -93.2432
827.512 -92.7116
828.24 -92.1801
828.968 -91.6489
829.698 -91.1179
830.428 -90.5872
831.159 -90.0568
831.89 -89.5266
832.623 -88.9966
833.356 -88.467
834.09 -87.9376
834.825 -87.4084
835.56 -86.8796
836.297 -86.351
837.034 -85.8227
837.773 -85.2947
838.512 -84.767
839.252 -84.2396
839.992 -83.7124
840.734 -83.1856
841.477 -82.6591
842.22 -82.1329
842.964 -81.607
843.71 -81.0815
844.456 -80.5562
845.203 -80.0313
845.951 -79.5068
846.7 -78.9825
847.45 -78.4586
848.2 -77.9351
848.952 -77.4119
849.705 -76.8891
850.459 -76.3666
851.213 -75.8445
851.969 -75.3228
852.726 -74.8015
853.483 -74.2805
854.242 -73.76
855.002 -73.2398
855.763 -72.7201
856.524 -72.2007
857.287 -71.6818
858.051 -71.1633
858.816 -70.6452
859.582 -70.1275
860.35 -69.6103
861.118 -69.0936
861.887 -68.5772
862.658 -68.0614
863.43 -67.546
864.202 -67.0311
864.976 -66.5167
865.752 -66.0027
866.528 -65.4893
867.305 -64.9763
868.084 -64.4639
868.864 -63.9519
869.645 -63.4405
870.427 -62.9297
871.211 -62.4193
871.996 -61.9096
872.782 -61.4003
873.569 -60.8917
874.357 -60.3836
875.147 -59.8761
875.938 -59.3692
876.731 -58.8629
877.525 -58.3572
878.32 -57.8521
879.116 -57.3477
879.914 -56.8439
880.713 -56.3407
881.513 -55.8382
882.315 -55.3364
883.119 -54.8352
883.923 -54.3348
884.729 -53.835
885.537 -53.336
886.346 -52.8376
887.156 -52.34
887.968 -51.8432
888.781 -51.3471
889.596 -50.8517
890.413 -50.3572
891.23 -49.8634
892.05 -49.3705
892.871 -48.8783
893.693 -48.387
894.517 -47.8966
895.343 -47.4069
896.17 -46.9182
896.999 -46.4304
897.829 -45.9434
898.661 -45.4573
899.495 -44.9722
900.33 -44.488
901.167 -44.0048
902.006 -43.5226
902.846 -43.0413
903.689 -42.561
904.532 -42.0818
905.378 -41.6036
906.225 -41.1264
907.074 -40.6503
907.925 -40.1753
908.778 -39.7014
909.632 -39.2286
910.488 -38.7569
911.346 -38.2864
912.206 -37.8171
913.068 -37.349
913.931 -36.882
914.797 -36.4164
915.664 -35.9519
916.534 -35.4887
917.405 -35.0269
918.278 -34.5663
919.153 -34.1071
920.03 -33.6492
920.909 -33.1927
921.79 -32.7376
922.673 -32.2839
923.558 -31.8317
924.445 -31.3809
925.334 -30.9316
926.225 -30.4839
927.118 -30.0376
928.013 -29.593
928.911 -29.1499
929.81 -28.7084
930.712 -28.2686
931.615 -27.8305
932.521 -27.394
933.429 -26.9592
934.339 -26.5263
935.251 -26.095
936.166 -25.6656
937.083 -25.238
938.002 -24.8123
938.923 -24.3885
939.846 -23.9666
940.772 -23.5466
941.7 -23.1286
942.63 -22.7126
943.562 -22.2987
944.497 -21.8869
945.434 -21.4771
946.373 -21.0695
947.315 -20.6641
948.259 -20.2609
949.205 -19.86
950.154 -19.4613
951.105 -19.0649
952.059 -18.6709
953.014 -18.2792
953.972 -17.89
954.933 -17.5033
955.896 -17.119
956.861 -16.7373
957.829 -16.3581
958.799 -15.9816
959.772 -15.6077
960.747 -15.2365
961.724 -14.868
962.704 -14.5023
963.686 -14.1395
964.671 -13.7794
965.658 -13.4223
966.647 -13.0681
967.639 -12.7169
968.634 -12.3687
969.631 -12.0235
970.63 -11.6815
971.632 -11.3426
972.636 -11.0069
973.643 -10.6745
974.652 -10.3454
975.663 -10.0195
976.677 -9.69709
977.693 -9.37807
978.712 -9.06251
979.733 -8.75046
980.757 -8.44198
981.783 -8.1371
982.811 -7.83588
983.842 -7.53835
984.875 -7.24458
985.91 -6.95459
986.948 -6.66845
987.987 -6.3862
989.03 -6.10788
990.074 -5.83355
991.121 -5.56324
992.17 -5.29702
993.221 -5.03492
994.275 -4.77699
995.33 -4.52328
996.388 -4.27384
997.448 -4.02872
998.51 -3.78795
999.574 -3.55159
1000.64 -3.31968
1001.71 -3.09227
1002.78 -2.86941
1003.85 -2.65113
1004.93 -2.43749
1006 -2.22853
1007.08 -2.02429
1008.16 -1.82481
1009.24 -1.63015
1010.33 -1.44033
1011.41 -1.25541
1012.5 -1.07542
1013.59 -0.900402
1014.68 -0.7304
1015.77 -0.565451
1016.86 -0.405593
1017.96 -0.250862
1019.05 -0.101296
1020.15 0.0430703
1019.73 -1.39535
1020.83 -1.39535
1021.93 -1.39535
1023.03 -1.39535
1024.13 -1.39535
1025.24 -1.39534
1026.34 -1.39534
1027.44 -1.39534
1028.54 -1.39534
1029.64 -1.39533
1030.74 -1.39533
1031.84 -1.39533
1032.94 -1.39532
1034.05 -1.39532
1035.15 -1.39531
1036.25 -1.39531
1037.35 -1.3953
1038.45 -1.3953
1039.55 -1.39529
1040.65 -1.39528
1041.75 -1.39528
1042.85 -1.39527
1043.96 -1.39526
1045.06 -1.39525
1046.16 -1.39524
1047.26 -1.39523
1048.36 -1.39522
1049.46 -1.39522
1050.56 -1.3952
1051.66 -1.39519
1052.77 -1.39518
1053.87 -1.39517
1054.97 -1.39516
1056.07 -1.39515
1057.17 -1.39514
1058.27 -1.39512
1059.37 -1.39511
1060.47 -1.3951
1061.58 -1.39508
1062.68 -1.39507
1063.78 -1.39505
1064.88 -1.39504
1065.98 -1.39502
1067.08 -1.39501
1068.18 -1.39499
1069.28 -1.39497
1070.38 -1.39496
1071.49 -1.39494
1072.59 -1.39492
1073.69 -1.3949
1074.79 -1.39489
1075.89 -1.39487
1076.99 -1.39485
1078.09 -1.39483
1079.19 -1.39481
1080.3 -1.39479
1081.4 -1.39477
1082.5 -1.39475
1083.6 -1.39473
1084.7 -1.3947
1085.8 -1.39468
1086.9 -1.39466
1088 -1.39464
1089.1 -1.39461
1090.21 -1.39459
1091.31 -1.39457
1092.41 -1.39454
1093.51 -1.39452
1094.61 -1.39449
1095.71 -1.39447
1096.81 -1.39444
1097.91 -1.39441
1099.02 -1.39439
1100.12 -1.39436
1101.22 -1.39433
1102.32 -1.39431
1103.42 -1.39428
1104.52 -1.39425
1105.62 -1.39422
1106.72 -1.39419
1107.83 -1.39416
1108.93 -1.39413
1110.03 -1.3941
1111.13 -1.39407
1112.23 -1.39404
1113.33 -1.39401
1114.43 -1.39398
1115.53 -1.39395
1116.63 -1.39391
1117.74 -1.39388
1118.84 -1.39385
1119.94 -1.39381
1121.04 -1.39378
1122.14 -1.39375
1123.24 -1.39371
1124.34 -1.39368
1125.44 -1.39364
1126.55 -1.3936
1127.65 -1.39357
1128.75 -1.39353
1129.85 -1.39349
1130.95 -1.39346
1132.05 -1.39342
1133.15 -1.39338
1134.25 -1.39334
1135.36 -1.3933
1136.46 -1.39326
1137.56 -1.39322
1138.66 -1.39318
1139.76 -1.39314
1140.86 -1.3931
1141.96 -1.39306
1143.06 -1.39302
1144.16 -1.39298
1145.27 -1.39294
1146.37 -1.39289
1147.47 -1.39285
1148.57 -1.39281
1149.67 -1.39276
1150.77 -1.39272
1151.87 -1.39268
1152.97 -1.39263
1154.08 -1.39259
1155.18 -1.39254
1156.28 -1.39249
1157.38 -1.39245
1158.48 -1.3924
1159.58 -1.39235
1160.68 -1.39231
1161.78 -1.39226
1162.89 -1.39221
1163.99 -1.39216
1165.09 -1.39211
1166.19 -1.39206
1167.29 -1.39201
1168.39 -1.39196
1169.49 -1.39191
1170.59 -1.39186
1171.69 -1.39181
1172.8 -1.39176
1173.9 -1.39171
1175 -1.39165
1176.1 -1.3916
1177.2 -1.39155
1178.3 -1.3915
1179.4 -1.39144
1180.5 -1.39139
1181.61 -1.39133
1182.71 -1.39128
1183.81 -1.39122
1184.91 -1.39117
1186.01 -1.39111
1187.11 -1.39106
1188.21 -1.391
1189.31 -1.39094
1190.42 -1.39088
1191.52 -1.39083
1192.62 -1.39077
1193.72 -1.39071
1194.82 -1.39065
1195.92 -1.39059
1197.02 -1.39053
1198.12 -1.39047
1199.22 -1.39041
1200.33 -1.39035
1201.43 -1.39029
1202.53 -1.39023
1203.63 -1.39016
1204.73 -1.3901
1205.83 -1.39004
1206.93 -1.38998
1208.03 -1.38991
1209.14 -1.38985
1210.24 -1.38978
1211.34 -1.38972
1212.44 -1.38965
1213.54 -1.38959
1214.64 -1.38952
1215.74 -1.38946
1216.84 -1.38939
1217.94 -1.38932
1219.05 -1.38925
1220.15 -1.38919
1221.25 -1.38912
1222.35 -1.38905
1223.45 -1.38898
1224.55 -1.38891
1225.65 -1.38884
1226.75 -1.38877
1227.86 -1.3887
1228.96 -1.38863
1230.06 -1.38856
1231.16 -1.38849
1232.26 -1.38842
1233.36 -1.38834
1234.46 -1.38827
1235.56 -1.3882
1236.67 -1.38812
1237.77 -1.38805
1238.87 -1.38798
1239.97 -1.3879
1241.07 -1.38783
1242.17 -1.38775
1243.27 -1.38767
1244.37 -1.3876
1245.47 -1.38752
1246.58 -1.38744
1247.68 -1.38737
1248.78 -1.38729
1249.88 -1.38721
1250.98 -1.38713
1252.08 -1.38705
1253.18 -1.38698
1254.28 -1.3869
1255.39 -1.38682
1256.49 -1.38674
1257.59 -1.38665
1258.69 -1.38657
1259.79 -1.38649
1260.89 -1.38641
1261.99 -1.38633
1263.09 -1.38625
1264.2 -1.38616
1265.3 -1.38608
1266.4 -1.386
1267.5 -1.38591
1268.6 -1.38583
1269.7 -1.38574
1270.8 -1.38566
1271.9 -1.38557
1273 -1.38549
1274.11 -1.3854
1275.21 -1.38531
1276.31 -1.38523
1277.41 -1.38514
1278.51 -1.38505
1279.61 -1.38496
1280.71 -1.38488
1281.81 -1.38479
1282.92 -1.3847
1284.02 -1.38461
1285.12 -1.38452
1286.22 -1.38443
1287.32 -1.38434
1288.42 -1.38425
1289.52 -1.38415
1290.62 -1.38406
1291.73 -1.38397
1292.83 -1.38388
1293.93 -1.38378
1295.03 -1.38369
1296.13 -1.3836
1297.23 -1.3835
1298.33 -1.38341
1299.43 -1.38331
1300.53 -1.38322
1301.64 -1.38312
1302.74 -1.38303
1303.84 -1.38293
1304.94 -1.38283
1306.04 -1.38274
1307.14 -1.38264
1308.24 -1.38254
1309.34 -1.38244
1310.45 -1.38234
1311.55 -1.38224
1312.65 -1.38215
1313.75 -1.38205
1314.85 -1.38195
1315.95 -1.38715
1317.05 -1.39236
1318.15 -1.39756
1319.25 -1.40277
1320.36 -1.40797
1321.46 -1.41317
1322.56 -1.41837
1323.66 -1.42358
1324.76 -1.42878
1325.86 -1.43398
1326.96 -1.43918
1328.06 -1.44438
1329.16 -1.44958
1330.26 -1.45478
1331.37 -1.45998
1332.47 -1.46518
1333.57 -1.47037
1334.67 -1.47557
1335.77 -1.48077
1336.87 -1.48597
1337.97 -1.49116
1339.07 -1.49636
1340.17 -1.50155
1341.27 -1.50675
1342.37 -1.51194
1343.47 -1.51714
1344.57 -1.52233
1345.67 -1.52752
1346.78 -1.53271
1347.88 -1.53791
1348.98 -1.5431
1350.08 -1.54829
1351.18 -1.55348
1352.28 -1.55867
1353.38 -1.56386
1354.48 -1.56905
1355.58 -1.57424
1356.68 -1.57942
1357.78 -1.58461
1358.88 -1.5898
1359.98 -1.59499
1361.08 -1.60017
1362.18 -1.60536
1363.28 -1.61054
1364.38 -1.61573
1365.48 -1.62091
1366.58 -1.6261
1367.68 -1.63128
1368.78 -1.63647
1369.88 -1.64165
1370.98 -1.64683
1372.08 -1.65201
1373.18 -1.6572
1374.28 -1.66238
1375.38 -1.66756
1376.48 -1.67274
1377.58 -1.67792
1378.68 -1.6831
1379.78 -1.68828
1380.88 -1.69346
1381.98 -1.69864
1383.08 -1.70381
1384.18 -1.70899
1385.28 -1.71417
1386.38 -1.71934
1387.48 -1.72452
1388.58 -1.7297
1389.68 -1.73487
1390.78 -1.74005
1391.88 -1.74522
1392.97 -1.7504
1394.07 -1.75557
1395.17 -1.76074
1396.27 -1.76592
1397.37 -1.77109
1398.47 -1.77626
1399.57 -1.78143
1400.67 -1.78661
1401.77 -1.79178
1402.87 -1.79695
1403.97 -1.80212
1405.07 -1.80729
1406.17 -1.81246
1407.27 -1.81762
1408.36 -1.82279
1409.46 -1.82796
1410.56 -1.83313
1411.66 -1.8383
1412.76 -1.84346
1413.86 -1.84863
1414.96 -1.8538
1416.06 -1.85896
1417.16 -1.86413
1418.26 -1.86929
1419.35 -1.87446
1420.45 -1.87962
1421.55 -1.88479
1422.65 -1.88995
1423.75 -1.89511
1424.85 -1.90027
1425.95 -1.90544
1427.05 -1.9106
1428.15 -1.91576
1429.24 -1.92092
1430.34 -1.92608
1431.44 -1.93124
1432.54 -1.9364
1433.64 -1.94156
1434.74 -1.94672
1435.84 -1.95188
1436.93 -1.95704
1438.03 -1.9622
1439.13 -1.96735
1440.23 -1.97251
1441.33 -1.97767
1442.43 -1.98282
1443.52 -1.98798
1444.62 -1.99314
1445.72 -1.99829
1446.82 -2.00345
1447.92 -2.0086
1449.02 -2.01376
1450.11 -2.01891
1451.21 -2.02406
1452.31 -2.02922
1453.41 -2.03437
1454.51 -2.03952
1455.61 -2.04467
1456.7 -2.04983
1457.8 -2.05498
1458.9 -2.06013
1460 -2.06528
1461.1 -2.07043
1462.19 -2.07558
1463.29 -2.08073
1464.39 -2.08588
1465.49 -2.09103
1466.59 -2.09617
1467.68 -2.10132
1468.78 -2.10647
1469.88 -2.11162
1470.98 -2.11676
1472.07 -2.12191
1473.17 -2.12706
1474.27 -2.1322
1475.37 -2.13735
1476.46 -2.14249
1477.56 -2.14764
1478.66 -2.15278
1479.76 -2.15793
1480.86 -2.16307
1481.95 -2.16821
1483.05 -2.17336
1484.15 -2.1785
1485.25 -2.18364
1486.34 -2.18879
1487.44 -2.19393
1488.54 -2.19907
1489.64 -2.20421
1490.73 -2.20935
1491.83 -2.21449
1492.93 -2.21963
1494.02 -2.22477
1495.12 -2.22991
1496.22 -2.23505
1497.32 -2.24019
1498.41 -2.24532
1499.51 -2.25046
1500.61 -2.2556
1501.7 -2.26074
1502.8 -2.26587
1503.9 -2.27101
1505 -2.27615
1506.09 -2.28128
1507.19 -2.28642
1508.29 -2.29155
1509.38 -2.29669
1510.48 -2.30182
1511.58 -2.30696
1512.67 -2.31209
1513.77 -2.31722
1514.87 -2.32236
1515.96 -2.32749
1517.06 -2.33262
1518.16 -2.33775
1519.25 -2.34289
1520.35 -2.34802
1521.45 -2.35315
1522.54 -2.35828
1523.64 -2.36341
1524.74 -2.36854
1525.83 -2.37367
1526.93 -2.3788
1528.03 -2.38393
1529.12 -2.38906
1530.22 -2.39419
1531.32 -2.39931
1532.41 -2.40444
1533.51 -2.40957
1534.61 -2.4147
1535.7 -2.41982
1536.8 -2.42495
1537.9 -2.43008
1538.99 -2.4352
1540.09 -2.44033
1541.18 -2.44545
1542.28 -2.45058
1543.38 -2.4557
1544.47 -2.46083
1545.57 -2.46595
1546.67 -2.47108
1547.76 -2.4762
1548.86 -2.48132
1549.95 -2.48644
1551.05 -2.49157
1552.15 -2.49669
1553.24 -2.50181
1554.34 -2.50693
1555.43 -2.51205
1556.53 -2.51717
1557.63 -2.5223
1558.72 -2.52742
1559.82 -2.53254
1560.91 -2.53765
1562.01 -2.54277
1563.1 -2.54789
1564.2 -2.55301
1565.3 -2.55813
1566.39 -2.56325
