0 -800
0.595467 -799.405
1.19093 -798.809
1.7864 -798.214
2.38187 -797.618
2.97733 -797.023
3.5728 -796.427
4.16827 -795.832
4.76373 -795.236
5.3592 -794.641
5.95467 -794.045
6.55013 -793.45
7.1456 -792.854
7.74107 -792.259
8.33654 -791.664
8.932 -791.068
9.52747 -790.473
10.1229 -789.877
10.7184 -789.282
11.3139 -788.686
11.9093 -788.091
12.5048 -787.495
13.1003 -786.9
13.6957 -786.304
14.2912 -785.709
14.8867 -785.114
15.4821 -784.518
16.0776 -783.923
16.6731 -783.327
17.2685 -782.732
17.864 -782.136
18.4595 -781.541
19.055 -780.945
19.6504 -780.35
20.2459 -779.754
20.8414 -779.159
21.4368 -778.563
22.0323 -777.968
22.6278 -777.373
23.2232 -776.777
23.8187 -776.182
24.4142 -775.586
25.0096 -774.991
25.6051 -774.395
26.2006 -773.8
26.796 -773.204
27.3915 -772.609
27.987 -772.013
28.5825 -771.418
29.1779 -770.823
29.7734 -770.227
30.3689 -769.632
30.9643 -769.036
31.5598 -768.441
32.1553 -767.845
32.7507 -767.25
33.3462 -766.654
33.9417 -766.059
34.5371 -765.463
35.1326 -764.868
35.7281 -764.272
36.3236 -763.677
36.919 -763.082
37.5145 -762.486
38.11 -761.891
38.7054 -761.295
39.3009 -760.7
39.8964 -760.104
40.4918 -759.509
41.0873 -758.913
41.6828 -758.318
42.2783 -757.722
42.8737 -757.127
43.4692 -756.531
44.0647 -755.936
44.6601 -755.341
45.2556 -754.745
45.8511 -754.15
46.4466 -753.554
47.042 -752.959
47.6375 -752.363
48.233 -751.768
48.8284 -751.172
49.4239 -750.577
50.0194 -749.981
50.6148 -749.386
51.2103 -748.791
51.8058 -748.195
52.4013 -747.6
52.9967 -747.004
53.5922 -746.409
54.1877 -745.813
54.7831 -745.218
55.3786 -744.622
55.9741 -744.027
56.5695 -743.431
57.165 -742.836
57.7605 -742.24
58.356 -741.645
58.9514 -741.05
59.5469 -740.454
60.1424 -739.859
60.7378 -739.263
61.3333 -738.668
61.9288 -738.072
62.5243 -737.477
63.1197 -736.881
63.7152 -736.286
64.3107 -735.69
64.9061 -735.095
65.5016 -734.5
66.0971 -733.904
66.6926 -733.309
67.288 -732.713
67.8835 -732.118
68.479 -731.522
69.0745 -730.927
69.6699 -730.331
70.2654 -729.736
70.8609 -729.14
71.4564 -728.545
72.0518 -727.949
72.6473 -727.354
73.2428 -726.759
73.8383 -726.163
74.4337 -725.568
75.0292 -724.972
75.6247 -724.377
76.2202 -723.781
76.8156 -723.186
77.4111 -722.59
78.0066 -721.995
78.6021 -721.399
79.1975 -720.804
79.793 -720.208
80.3885 -719.613
80.9839 -719.018
81.5794 -718.422
82.1749 -717.827
82.7704 -717.231
83.3658 -716.636
83.9613 -716.04
84.5568 -715.445
85.1523 -714.849
85.7477 -714.254
86.3432 -713.658
86.9387 -713.063
87.5342 -712.468
88.1296 -711.872
88.7251 -711.277
89.3206 -710.681
89.9161 -710.086
90.5115 -709.49
91.107 -708.895
91.7025 -708.299
92.298 -707.704
92.8934 -707.108
93.4889 -706.513
94.0844 -705.917
94.6799 -705.322
95.2753 -704.727
95.8708 -704.131
96.4663 -703.536
97.0618 -702.94
97.6572 -702.345
98.2527 -701.749
98.8482 -701.154
99.4436 -700.558
100.039 -699.963
100.635 -699.367
101.23 -698.772
101.826 -698.177
102.421 -697.581
103.017 -696.986
103.612 -696.39
104.207 -695.795
104.803 -695.199
105.398 -694.604
105.994 -694.008
106.589 -693.413
107.185 -692.817
107.78 -692.222
108.376 -691.626
108.971 -691.031
109.567 -690.436
110.162 -689.84
110.758 -689.245
111.353 -688.649
111.949 -688.054
112.544 -687.458
113.14 -686.863
113.735 -686.267
114.331 -685.672
114.926 -685.076
115.522 -684.481
116.117 -683.885
116.713 -683.29
117.308 -682.695
117.904 -682.099
118.499 -681.504
119.095 -680.908
119.69 -680.313
120.285 -679.717
120.881 -679.122
121.476 -678.526
122.072 -677.931
122.667 -677.335
123.263 -676.74
123.858 -676.145
124.454 -675.549
125.049 -674.954
125.645 -674.358
126.24 -673.763
126.836 -673.167
127.431 -672.572
128.027 -671.976
128.622 -671.381
129.218 -670.785
129.813 -670.19
130.409 -669.594
131.004 -668.999
131.6 -668.404
132.195 -667.808
132.791 -667.213
133.386 -666.617
133.982 -666.022
134.577 -665.426
135.173 -664.831
135.768 -664.235
136.364 -663.64
136.959 -663.044
137.555 -662.449
138.15 -661.854
138.746 -661.258
139.341 -660.663
139.937 -660.067
140.532 -659.472
141.128 -658.876
141.723 -658.281
142.319 -657.685
142.914 -657.09
143.509 -656.494
144.105 -655.899
144.7 -655.303
145.296 -654.708
145.891 -654.113
146.487 -653.517
147.082 -652.922
147.678 -652.326
148.273 -651.731
148.869 -651.135
149.464 -650.54
150.06 -649.944
150.655 -649.349
151.251 -648.753
151.846 -648.158
152.442 -647.562
153.037 -646.967
153.633 -646.372
154.228 -645.776
154.824 -645.181
155.419 -644.585
156.015 -643.99
156.61 -643.394
157.206 -642.799
157.801 -642.203
158.397 -641.608
158.992 -641.012
159.588 -640.417
160.183 -639.822
160.779 -639.226
161.374 -638.631
161.97 -638.035
162.565 -637.44
163.161 -636.844
163.756 -636.249
164.352 -635.653
164.947 -635.058
165.543 -634.462
166.138 -633.867
166.734 -633.271
167.329 -632.676
167.925 -632.081
168.52 -631.485
169.116 -630.89
169.711 -630.294
170.307 -629.699
170.902 -629.103
171.498 -628.508
172.093 -627.912
172.689 -627.317
173.284 -626.721
173.88 -626.126
174.475 -625.531
175.071 -624.935
175.666 -624.34
176.262 -623.744
176.857 -623.149
177.453 -622.553
178.048 -621.958
178.644 -621.362
179.239 -620.767
179.835 -620.171
180.43 -619.576
181.026 -618.98
181.621 -618.385
182.217 -617.79
182.812 -617.194
183.408 -616.599
184.003 -616.003
184.599 -615.408
185.194 -614.812
185.79 -614.217
186.385 -613.621
186.981 -613.026
187.577 -612.43
188.172 -611.835
188.768 -611.24
189.363 -610.644
189.959 -610.049
190.554 -609.453
191.15 -608.858
191.745 -608.262
192.341 -607.667
192.936 -607.071
193.532 -606.476
194.127 -605.88
194.723 -605.285
195.318 -604.689
195.914 -604.094
196.509 -603.499
197.105 -602.903
197.7 -602.308
198.296 -601.712
198.891 -601.117
199.487 -600.521
200.082 -599.926
200.678 -599.33
201.273 -598.735
201.869 -598.139
202.465 -597.544
203.06 -596.948
203.656 -596.353
204.251 -595.758
204.847 -595.162
205.442 -594.567
206.038 -593.971
206.633 -593.376
207.229 -592.78
207.824 -592.185
208.42 -591.589
209.015 -590.994
209.611 -590.398
210.206 -589.803
210.802 -589.208
211.398 -588.612
211.993 -588.017
212.589 -587.421
213.184 -586.826
213.78 -586.23
214.375 -585.635
214.971 -585.039
215.566 -584.444
216.162 -583.848
216.757 -583.253
217.353 -582.657
217.948 -582.062
218.544 -581.467
219.14 -580.871
219.735 -580.276
220.331 -579.68
220.926 -579.085
221.522 -578.489
222.117 -577.894
222.713 -577.298
223.308 -576.703
223.904 -576.107
224.499 -575.512
225.095 -574.917
225.691 -574.321
226.286 -573.726
226.882 -573.13
227.477 -572.535
228.073 -571.939
228.668 -571.344
229.264 -570.748
229.859 -570.153
230.455 -569.557
231.051 -568.962
231.646 -568.366
232.242 -567.771
232.837 -567.176
233.433 -566.58
234.028 -565.985
234.624 -565.389
235.22 -564.794
235.815 -564.198
236.411 -563.603
237.006 -563.007
237.602 -562.412
238.197 -561.816
238.793 -561.221
239.388 -560.625
239.984 -560.03
240.58 -559.435
241.175 -558.839
241.771 -558.244
242.366 -557.648
242.962 -557.053
243.558 -556.457
244.153 -555.862
244.749 -555.266
245.344 -554.671
245.94 -554.075
246.535 -553.48
247.131 -552.885
247.727 -552.289
248.322 -551.694
248.918 -551.098
249.513 -550.503
250.109 -549.907
250.705 -549.312
251.3 -548.716
251.896 -548.121
252.491 -547.525
253.087 -546.93
253.683 -546.334
254.278 -545.739
254.874 -545.144
255.469 -544.548
256.065 -543.953
256.661 -543.357
257.256 -542.762
257.852 -542.166
258.447 -541.571
259.043 -540.975
259.639 -540.38
260.234 -539.784
260.83 -539.189
261.425 -538.594
262.021 -537.998
262.617 -537.403
263.212 -536.807
263.808 -536.212
264.403 -535.616
264.999 -535.021
265.595 -534.425
266.19 -533.83
266.786 -533.234
267.382 -532.639
267.977 -532.043
268.573 -531.448
269.168 -530.853
269.764 -530.257
270.36 -529.662
270.955 -529.066
271.551 -528.471
272.147 -527.875
272.742 -527.28
273.338 -526.684
273.934 -526.089
274.529 -525.493
275.125 -524.898
275.72 -524.302
276.316 -523.707
276.912 -523.112
277.507 -522.516
278.103 -521.921
278.699 -521.325
279.294 -520.73
279.89 -520.134
280.486 -519.539
281.081 -518.943
281.677 -518.348
282.273 -517.752
282.868 -517.157
283.464 -516.562
284.06 -515.966
284.655 -515.371
285.251 -514.775
285.847 -514.18
286.442 -513.584
287.038 -512.989
287.634 -512.393
288.229 -511.798
288.825 -511.202
289.421 -510.607
290.016 -510.011
290.612 -509.416
291.208 -508.821
291.803 -508.225
292.399 -507.63
292.995 -507.034
293.591 -506.439
294.186 -505.843
294.782 -505.248
295.378 -504.652
295.973 -504.057
296.569 -503.461
297.165 -502.866
297.76 -502.271
298.356 -501.675
298.952 -501.08
299.548 -500.484
300.143 -499.889
300.739 -499.293
301.335 -498.698
301.931 -498.102
302.526 -497.507
303.122 -496.911
303.718 -496.316
304.313 -495.72
304.909 -495.125
305.505 -494.53
306.101 -493.934
306.696 -493.339
307.292 -492.743
307.888 -492.148
308.484 -491.552
309.079 -490.957
309.675 -490.361
310.271 -489.766
310.867 -489.17
311.462 -488.575
312.058 -487.979
312.654 -487.384
313.25 -486.789
313.846 -486.193
314.441 -485.598
315.037 -485.002
315.633 -484.407
316.229 -483.811
316.824 -483.216
317.42 -482.62
318.016 -482.025
318.612 -481.429
319.208 -480.834
319.803 -480.239
320.399 -479.643
320.995 -479.048
321.591 -478.452
322.187 -477.857
322.783 -477.261
323.378 -476.666
323.974 -476.07
324.57 -475.475
325.166 -474.879
325.762 -474.284
326.357 -473.688
326.953 -473.093
327.549 -472.498
328.145 -471.902
328.741 -471.307
329.337 -470.711
329.933 -470.116
330.528 -469.52
331.124 -468.925
331.72 -468.329
332.316 -467.734
332.912 -467.138
333.508 -466.543
334.104 -465.948
334.7 -465.352
335.295 -464.757
335.891 -464.161
336.487 -463.566
337.083 -462.97
337.679 -462.375
338.275 -461.779
338.871 -461.184
339.467 -460.588
340.063 -459.993
340.659 -459.397
341.254 -458.802
341.85 -458.207
342.446 -457.611
343.042 -457.016
343.638 -456.42
344.234 -455.825
344.83 -455.229
345.426 -454.634
346.022 -454.038
346.618 -453.443
347.214 -452.847
347.81 -452.252
348.406 -451.656
349.002 -451.061
349.598 -450.466
350.194 -449.87
350.79 -449.275
351.386 -448.679
351.982 -448.084
352.578 -447.488
353.174 -446.893
353.77 -446.297
354.366 -445.702
354.962 -445.106
355.558 -444.511
356.154 -443.916
356.75 -443.32
357.346 -442.725
357.942 -442.129
358.538 -441.534
359.134 -440.938
359.73 -440.343
360.326 -439.747
360.922 -439.152
361.518 -438.556
362.114 -437.961
362.71 -437.365
363.307 -436.77
363.903 -436.175
364.499 -435.579
365.095 -434.984
365.691 -434.388
366.287 -433.793
366.883 -433.197
367.479 -432.602
368.075 -432.006
368.672 -431.411
369.268 -430.815
369.864 -430.22
370.46 -429.625
371.056 -429.029
371.652 -428.434
372.248 -427.838
372.845 -427.243
373.441 -426.647
374.037 -426.052
374.633 -425.456
375.229 -424.861
375.826 -424.265
376.422 -423.67
377.018 -423.074
377.614 -422.479
378.211 -421.884
378.807 -421.288
379.403 -420.693
379.999 -420.097
380.596 -419.502
381.192 -418.906
381.788 -418.311
382.384 -417.715
382.981 -417.12
383.577 -416.524
384.173 -415.929
384.77 -415.333
385.366 -414.738
385.962 -414.143
386.559 -413.547
387.155 -412.952
387.751 -412.356
388.348 -411.761
388.944 -411.165
389.54 -410.57
390.137 -409.974
390.733 -409.379
391.329 -408.783
391.926 -408.188
392.522 -407.593
393.119 -406.997
393.715 -406.402
394.311 -405.806
394.908 -405.211
395.504 -404.615
396.101 -404.02
396.697 -403.424
397.294 -402.829
397.89 -402.233
398.487 -401.638
399.083 -401.042
399.68 -400.447
400.276 -399.852
400.873 -399.256
401.469 -398.661
402.066 -398.065
402.662 -397.47
403.259 -396.874
403.855 -396.279
404.452 -395.683
405.049 -395.088
405.645 -394.492
406.242 -393.897
406.838 -393.302
407.435 -392.706
408.032 -392.111
408.628 -391.515
409.225 -390.92
409.822 -390.324
410.418 -389.729
411.015 -389.133
411.612 -388.538
412.208 -387.942
412.805 -387.347
413.402 -386.751
413.999 -386.156
414.595 -385.561
415.192 -384.965
415.789 -384.37
416.386 -383.774
416.982 -383.179
417.579 -382.583
418.176 -381.988
418.773 -381.392
419.37 -380.797
419.966 -380.201
420.563 -379.606
421.16 -379.01
421.757 -378.415
422.354 -377.82
422.951 -377.224
423.548 -376.629
424.145 -376.033
424.742 -375.438
425.339 -374.842
425.936 -374.247
426.533 -373.651
427.13 -373.056
427.727 -372.46
428.324 -371.865
428.921 -371.27
429.518 -370.674
430.115 -370.079
430.712 -369.483
431.309 -368.888
431.906 -368.292
432.503 -367.697
433.1 -367.101
433.697 -366.506
434.294 -365.91
434.892 -365.315
435.489 -364.719
436.086 -364.124
436.683 -363.529
437.28 -362.933
437.878 -362.338
438.475 -361.742
439.072 -361.147
439.669 -360.551
440.267 -359.956
440.864 -359.36
441.461 -358.765
442.059 -358.169
442.656 -357.574
443.254 -356.979
443.851 -356.383
444.448 -355.788
445.046 -355.192
445.643 -354.597
446.241 -354.001
446.838 -353.406
447.436 -352.81
448.033 -352.215
448.631 -351.619
449.228 -351.024
449.826 -350.428
450.423 -349.833
451.021 -349.238
451.619 -348.642
452.216 -348.047
452.814 -347.451
453.411 -346.856
454.009 -346.26
454.607 -345.665
455.205 -345.069
455.802 -344.474
456.4 -343.878
456.998 -343.283
457.596 -342.688
458.194 -342.092
458.791 -341.497
459.389 -340.901
459.987 -340.306
460.585 -339.71
461.183 -339.115
461.781 -338.519
462.379 -337.924
462.977 -337.328
463.575 -336.733
464.173 -336.137
464.771 -335.542
465.369 -334.947
465.967 -334.351
466.565 -333.756
467.163 -333.16
467.762 -332.565
468.36 -331.969
468.958 -331.374
469.556 -330.778
470.154 -330.183
470.753 -329.587
471.351 -328.992
471.949 -328.396
472.548 -327.801
473.146 -327.206
473.744 -326.61
474.343 -326.015
474.941 -325.419
475.54 -324.824
476.138 -324.228
476.737 -323.633
477.335 -323.037
477.934 -322.442
478.533 -321.846
479.131 -321.251
479.73 -320.656
480.329 -320.06
480.927 -319.465
481.526 -318.869
482.125 -318.274
482.724 -317.678
483.322 -317.083
483.921 -316.487
484.52 -315.892
485.119 -315.296
485.718 -314.701
486.317 -314.105
486.916 -313.51
487.515 -312.915
488.114 -312.319
488.713 -311.724
489.312 -311.128
489.911 -310.533
490.51 -309.937
491.11 -309.342
491.709 -308.746
492.308 -308.151
492.908 -307.555
493.507 -306.96
494.106 -306.365
494.706 -305.769
495.305 -305.174
495.905 -304.578
496.504 -303.983
497.104 -303.387
497.703 -302.792
498.303 -302.196
498.902 -301.601
499.502 -301.005
500.102 -300.41
500.701 -299.814
501.301 -299.219
501.901 -298.624
502.501 -298.028
503.101 -297.433
503.701 -296.837
504.301 -296.242
504.901 -295.646
505.501 -295.051
506.101 -294.455
506.701 -293.86
507.301 -293.264
507.901 -292.669
508.502 -292.073
509.102 -291.478
509.702 -290.883
510.302 -290.287
510.903 -289.692
511.503 -289.096
512.104 -288.501
512.704 -287.905
513.305 -287.31
513.906 -286.714
514.506 -286.119
515.107 -285.523
515.708 -284.928
516.308 -284.333
516.909 -283.737
517.51 -283.142
518.111 -282.546
518.712 -281.951
519.313 -281.355
519.914 -280.76
520.515 -280.164
521.116 -279.569
521.718 -278.974
522.319 -278.378
522.92 -277.783
523.522 -277.187
524.123 -276.592
524.724 -275.996
525.326 -275.401
525.927 -274.806
526.529 -274.21
527.131 -273.615
527.732 -273.019
528.334 -272.424
528.936 -271.828
529.538 -271.233
530.14 -270.638
530.742 -270.042
531.344 -269.447
531.946 -268.851
532.548 -268.256
533.15 -267.66
533.752 -267.065
534.355 -266.47
534.957 -265.874
535.56 -265.279
536.162 -264.683
536.765 -264.088
537.367 -263.492
537.97 -262.897
538.573 -262.302
539.175 -261.706
539.778 -261.111
540.381 -260.515
540.984 -259.92
541.587 -259.324
542.19 -258.729
542.793 -258.134
543.396 -257.538
544 -256.943
544.603 -256.347
545.207 -255.752
545.81 -255.157
546.414 -254.561
547.017 -253.966
547.621 -253.37
548.225 -252.775
548.829 -252.179
549.433 -251.584
550.037 -250.989
550.641 -250.393
551.245 -249.798
551.849 -249.202
552.453 -248.607
553.058 -248.012
553.662 -247.416
554.267 -246.821
554.871 -246.225
555.476 -245.63
556.081 -245.035
556.685 -244.439
557.29 -243.844
557.895 -243.248
558.5 -242.653
559.105 -242.058
559.711 -241.462
560.316 -240.867
560.921 -240.272
561.527 -239.676
562.132 -239.081
562.738 -238.485
563.344 -237.89
563.95 -237.295
564.555 -236.699
565.161 -236.104
565.768 -235.508
566.374 -234.913
566.98 -234.318
567.586 -233.722
568.193 -233.127
568.799 -232.532
569.406 -231.936
570.013 -231.341
570.619 -230.746
571.226 -230.15
571.833 -229.555
572.44 -228.959
573.048 -228.364
573.655 -227.769
574.262 -227.173
574.87 -226.578
575.478 -225.983
576.085 -225.387
576.693 -224.792
577.301 -224.197
577.909 -223.601
578.517 -223.006
579.126 -222.411
579.734 -221.815
580.342 -221.22
580.951 -220.625
581.56 -220.029
582.168 -219.434
582.777 -218.839
583.386 -218.243
583.996 -217.648
584.605 -217.053
585.214 -216.458
585.824 -215.862
586.433 -215.267
587.043 -214.672
587.653 -214.076
588.263 -213.481
588.873 -212.886
589.483 -212.29
590.094 -211.695
590.704 -211.1
591.315 -210.505
591.925 -209.909
592.536 -209.314
593.147 -208.719
593.758 -208.124
594.37 -207.528
594.981 -206.933
595.593 -206.338
596.204 -205.743
596.816 -205.147
597.428 -204.552
598.04 -203.957
598.652 -203.362
599.265 -202.766
599.877 -202.171
600.49 -201.576
601.103 -200.981
601.716 -200.385
602.329 -199.79
602.942 -199.195
603.556 -198.6
604.169 -198.005
604.783 -197.409
605.397 -196.814
606.011 -196.219
606.625 -195.624
607.24 -195.029
607.854 -194.434
608.469 -193.838
609.084 -193.243
609.699 -192.648
610.314 -192.053
610.929 -191.458
611.545 -190.863
612.16 -190.268
612.776 -189.672
613.392 -189.077
614.009 -188.482
614.625 -187.887
615.242 -187.292
615.858 -186.697
616.475 -186.102
617.092 -185.507
617.71 -184.912
618.327 -184.317
618.945 -183.722
619.563 -183.127
620.181 -182.532
620.799 -181.937
621.418 -181.341
622.036 -180.746
622.655 -180.151
623.274 -179.556
623.893 -178.961
624.513 -178.366
625.133 -177.772
625.753 -177.177
626.373 -176.582
626.993 -175.987
627.614 -175.392
628.234 -174.797
628.855 -174.202
629.476 -173.607
630.098 -173.012
630.719 -172.417
631.341 -171.822
631.963 -171.227
632.586 -170.632
633.208 -170.038
633.831 -169.443
634.454 -168.848
635.077 -168.253
635.701 -167.658
636.325 -167.064
636.949 -166.469
637.573 -165.874
638.198 -165.279
638.822 -164.684
639.447 -164.09
640.073 -163.495
640.698 -162.9
641.324 -162.306
641.95 -161.711
642.576 -161.116
643.203 -160.522
643.83 -159.927
644.457 -159.332
645.084 -158.738
645.712 -158.143
646.34 -157.548
646.968 -156.954
647.596 -156.359
648.225 -155.765
648.854 -155.17
649.484 -154.576
650.113 -153.981
650.743 -153.387
651.374 -152.792
652.004 -152.198
652.635 -151.604
653.266 -151.009
653.898 -150.415
654.53 -149.82
655.162 -149.226
655.794 -148.632
656.427 -148.037
657.06 -147.443
657.694 -146.849
658.327 -146.255
658.962 -145.66
659.596 -145.066
660.231 -144.472
660.866 -143.878
661.501 -143.284
662.137 -142.69
662.773 -142.096
663.41 -141.502
664.047 -140.908
664.684 -140.313
665.322 -139.72
665.96 -139.126
666.598 -138.532
667.237 -137.938
667.876 -137.344
668.516 -136.75
669.155 -136.156
669.796 -135.562
670.436 -134.969
671.078 -134.375
671.719 -133.781
672.361 -133.188
673.003 -132.594
673.646 -132
674.289 -131.407
674.933 -130.813
675.577 -130.22
676.221 -129.626
676.866 -129.033
677.511 -128.44
678.157 -127.846
678.803 -127.253
679.45 -126.66
680.097 -126.066
680.744 -125.473
681.392 -124.88
682.041 -124.287
682.69 -123.694
683.339 -123.101
683.989 -122.508
684.64 -121.915
685.29 -121.322
685.942 -120.729
686.594 -120.136
687.246 -119.544
687.899 -118.951
688.552 -118.358
689.206 -117.766
689.861 -117.173
690.516 -116.581
691.171 -115.988
691.827 -115.396
692.484 -114.803
693.141 -114.211
693.798 -113.619
694.457 -113.027
695.116 -112.435
695.775 -111.843
696.435 -111.251
697.095 -110.659
697.756 -110.067
698.418 -109.475
699.08 -108.883
699.743 -108.292
700.407 -107.7
701.071 -107.109
701.736 -106.517
702.401 -105.926
703.067 -105.335
703.734 -104.743
704.401 -104.152
705.069 -103.561
705.737 -102.97
706.407 -102.379
707.077 -101.788
707.747 -101.198
708.419 -100.607
709.09 -100.017
709.763 -99.426
710.436 -98.8357
711.111 -98.2454
711.785 -97.6552
712.461 -97.0651
713.137 -96.4752
713.814 -95.8853
714.492 -95.2955
715.17 -94.7058
715.849 -94.1162
716.529 -93.5268
717.21 -92.9374
717.892 -92.3482
718.574 -91.7591
719.257 -91.1701
719.941 -90.5812
720.626 -89.9924
721.312 -89.4038
721.998 -88.8153
722.685 -88.2269
723.373 -87.6387
724.062 -87.0506
724.752 -86.4626
725.443 -85.8747
726.134 -85.2871
726.827 -84.6995
727.52 -84.1121
728.214 -83.5249
728.909 -82.9378
729.606 -82.3508
730.303 -81.7641
731.001 -81.1775
731.699 -80.591
732.399 -80.0047
733.1 -79.4186
733.802 -78.8327
734.505 -78.2469
735.209 -77.6614
735.914 -77.076
736.619 -76.4908
737.326 -75.9058
738.034 -75.321
738.743 -74.7365
739.453 -74.1521
740.164 -73.5679
740.877 -72.984
741.59 -72.4002
742.304 -71.8167
743.02 -71.2334
743.737 -70.6504
744.454 -70.0676
745.173 -69.485
745.893 -68.9026
746.615 -68.3206
747.337 -67.7388
748.061 -67.1572
748.786 -66.5759
749.512 -65.9949
750.239 -65.4142
750.968 -64.8337
751.698 -64.2536
752.429 -63.6737
753.161 -63.0941
753.895 -62.5149
754.63 -61.936
755.366 -61.3573
756.104 -60.779
756.843 -60.2011
757.583 -59.6235
758.325 -59.0462
759.068 -58.4693
759.813 -57.8927
760.559 -57.3166
761.307 -56.7408
762.056 -56.1653
762.806 -55.5903
763.558 -55.0157
764.311 -54.4415
765.066 -53.8677
765.823 -53.2943
766.581 -52.7214
767.341 -52.1489
768.102 -51.5769
768.865 -51.0054
769.629 -50.4343
770.395 -49.8637
771.163 -49.2936
771.932 -48.7239
772.703 -48.1549
773.476 -47.5863
774.25 -47.0183
775.027 -46.4508
775.805 -45.8839
776.584 -45.3175
777.366 -44.7518
778.149 -44.1866
778.935 -43.6221
779.722 -43.0581
780.511 -42.4948
781.301 -41.9322
782.094 -41.3702
782.889 -40.8089
783.685 -40.2483
784.484 -39.6884
785.284 -39.1292
786.087 -38.5708
786.892 -38.0131
787.698 -37.4562
788.507 -36.9
789.318 -36.3447
790.131 -35.7902
790.946 -35.2365
791.763 -34.6837
792.582 -34.1318
793.404 -33.5807
794.228 -33.0306
795.054 -32.4814
795.882 -31.9332
796.713 -31.3859
797.546 -30.8397
798.381 -30.2944
799.219 -29.7502
800.059 -29.2071
800.901 -28.665
801.746 -28.1241
802.593 -27.5843
803.443 -27.0456
804.296 -26.5082
805.151 -25.9719
806.008 -25.4369
806.868 -24.9032
807.731 -24.3707
808.596 -23.8396
809.464 -23.3098
810.334 -22.7814
811.208 -22.2545
812.084 -21.7289
812.962 -21.2049
813.844 -20.6823
814.728 -20.1613
815.616 -19.6419
816.506 -19.124
817.399 -18.6078
818.294 -18.0933
819.193 -17.5806
820.095 -17.0695
821 -16.5603
821.908 -16.0529
822.818 -15.5474
823.732 -15.0438
824.649 -14.5422
825.569 -14.0425
826.493 -13.5449
827.419 -13.0494
828.349 -12.5561
829.282 -12.0649
830.218 -11.5759
831.157 -11.0893
832.1 -10.6049
833.046 -10.123
833.995 -9.64346
834.948 -9.16643
835.904 -8.69193
836.863 -8.22003
837.826 -7.75079
838.792 -7.28425
839.762 -6.82048
840.735 -6.35953
841.712 -5.90148
842.692 -5.44636
843.676 -4.99426
844.664 -4.54524
845.655 -4.09935
846.649 -3.65667
847.648 -3.21726
848.65 -2.78119
849.655 -2.34854
850.664 -1.91936
851.677 -1.49373
852.694 -1.07173
853.714 -0.653429
854.738 -0.2389
855.766 0.171779
857.209 -0.234775
858.274 -0.534947
859.338 -0.834722
860.4 -1.1341
861.461 -1.4331
862.521 -1.73171
863.579 -2.02993
864.636 -2.32777
865.692 -2.62524
866.746 -2.92234
867.799 -3.21906
868.851 -3.51542
869.901 -3.81141
870.951 -4.10704
871.998 -4.40231
873.045 -4.69722
874.09 -4.99178
875.135 -5.28599
876.177 -5.57985
877.219 -5.87337
878.26 -6.16654
879.299 -6.45938
880.337 -6.75187
881.374 -7.04403
882.409 -7.33586
883.444 -7.62736
884.477 -7.91853
885.509 -8.20937
886.54 -8.49989
887.57 -8.79009
888.599 -9.07998
889.627 -9.36954
890.653 -9.6588
891.679 -9.94774
892.703 -10.2364
893.726 -10.5247
894.748 -10.8127
895.769 -11.1004
896.789 -11.3879
897.808 -11.675
898.826 -11.9618
899.843 -12.2483
900.859 -12.5346
901.874 -12.8205
902.888 -13.1062
903.9 -13.3916
904.912 -13.6767
905.923 -13.9615
906.933 -14.246
907.941 -14.5303
908.949 -14.8142
909.956 -15.098
910.962 -15.3814
911.967 -15.6645
912.971 -15.9474
913.974 -16.2301
914.976 -16.5124
915.977 -16.7945
916.977 -17.0764
917.977 -17.3579
918.975 -17.6393
919.972 -17.9203
920.969 -18.2011
921.965 -18.4817
922.96 -18.762
923.953 -19.0421
924.946 -19.3219
925.939 -19.6014
926.93 -19.8808
927.92 -20.1598
928.91 -20.4387
929.899 -20.7173
930.886 -20.9956
931.873 -21.2737
932.86 -21.5516
933.845 -21.8293
934.83 -22.1067
935.813 -22.3839
936.796 -22.6609
937.778 -22.9376
938.76 -23.2141
939.74 -23.4904
940.72 -23.7664
941.699 -24.0423
942.677 -24.3179
943.654 -24.5933
944.631 -24.8685
945.607 -25.1434
946.582 -25.4182
947.556 -25.6927
948.529 -25.967
949.502 -26.2411
950.474 -26.515
951.446 -26.7887
952.416 -27.0622
953.386 -27.3355
954.355 -27.6085
955.323 -27.8814
956.291 -28.1541
957.258 -28.4265
958.224 -28.6988
959.19 -28.9709
960.155 -29.2427
961.119 -29.5144
962.082 -29.7859
963.045 -30.0572
964.007 -30.3282
964.968 -30.5991
965.929 -30.8699
966.889 -31.1404
967.849 -31.4107
968.807 -31.6808
969.765 -31.9508
970.723 -32.2206
971.679 -32.4901
972.635 -32.7595
973.591 -33.0288
974.546 -33.2978
975.5 -33.5667
976.453 -33.8353
977.406 -34.1038
978.358 -34.3722
979.31 -34.6403
980.261 -34.9083
981.211 -35.1761
982.161 -35.4437
983.11 -35.7112
984.059 -35.9785
985.007 -36.2456
985.954 -36.5125
986.901 -36.7793
987.847 -37.0459
988.793 -37.3124
989.738 -37.5787
990.682 -37.8448
991.626 -38.1107
992.569 -38.3765
993.512 -38.6421
994.454 -38.9076
995.396 -39.1729
996.337 -39.4381
997.277 -39.7031
998.217 -39.9679
999.156 -40.2326
1000.1 -40.4971
1001.03 -40.7615
1001.97 -41.0257
1002.91 -41.2897
1003.84 -41.5537
1004.78 -41.8174
1005.72 -42.081
1006.65 -42.3445
1007.59 -42.6078
1008.52 -42.871
1009.45 -43.134
1010.39 -43.3968
1011.32 -43.6596
1012.25 -43.9221
1013.18 -44.1846
1014.11 -44.4469
1015.04 -44.709
1015.97 -44.971
1016.9 -45.2329
1017.83 -45.4946
1018.76 -45.7562
1019.69 -46.0176
1020.61 -46.2789
1021.54 -46.5401
1022.47 -46.8011
1023.39 -47.062
1024.32 -47.3228
1025.24 -47.5834
1026.17 -47.8439
1027.09 -48.1043
1028.02 -48.3645
1028.94 -48.6246
1029.86 -48.8846
1030.78 -49.1444
1031.71 -49.4041
1032.63 -49.6637
1033.55 -49.9231
1034.47 -50.1824
1035.39 -50.4416
1036.31 -50.7007
1037.23 -50.9596
1038.14 -51.2185
1039.06 -51.4771
1039.98 -51.7357
1040.9 -51.9941
1041.81 -52.2525
1042.73 -52.5107
1043.65 -52.7687
1044.56 -53.0267
1045.48 -53.2845
1046.39 -53.5422
1047.31 -53.7998
1048.22 -54.0573
1049.13 -54.3147
1050.05 -54.5719
1050.96 -54.829
1051.87 -55.086
1052.78 -55.3429
1053.69 -55.5997
1054.6 -55.8564
1055.51 -56.1129
1056.42 -56.3694
1057.33 -56.6257
1058.24 -56.8819
1059.15 -57.138
1060.06 -57.394
1060.97 -57.6499
1061.88 -57.9056
1062.78 -58.1613
1063.69 -58.4168
1064.6 -58.6723
1065.5 -58.9276
1066.41 -59.1828
1067.31 -59.438
1068.22 -59.693
1069.12 -59.9479
1070.03 -60.2027
1070.93 -60.4574
1071.84 -60.712
1072.74 -60.9665
1073.64 -61.2209
1074.54 -61.4751
1075.45 -61.7293
1076.35 -61.9834
1077.25 -62.2374
1078.15 -62.4912
1079.05 -62.745
1079.95 -62.9987
1080.85 -63.2523
1081.75 -63.5057
1082.65 -63.7591
1083.55 -64.0124
1084.45 -64.2656
1085.35 -64.5187
1086.24 -64.7717
1087.14 -65.0246
1088.04 -65.2774
1088.94 -65.5301
1089.83 -65.7827
1090.73 -66.0352
1091.62 -66.2876
1092.52 -66.5399
1093.41 -66.7921
1094.31 -67.0443
1095.2 -67.2963
1096.1 -67.5483
1096.99 -67.8001
1097.89 -68.0519
1098.78 -68.3036
1099.67 -68.5552
1100.56 -68.8067
1101.46 -69.0581
1102.35 -69.3094
1103.24 -69.5606
1104.13 -69.8118
1105.02 -70.0629
1105.91 -70.3138
1106.8 -70.5647
1107.69 -70.8155
1108.58 -71.0662
1109.47 -71.3168
1110.36 -71.5674
1111.25 -71.8178
1112.14 -72.0682
1113.03 -72.3185
1113.91 -72.5687
1114.8 -72.8188
1115.69 -73.0688
1116.58 -73.3188
1117.46 -73.5687
1118.35 -73.8184
1119.24 -74.0681
1120.12 -74.3178
1121.01 -74.5673
1121.89 -74.8168
1122.78 -75.0662
1123.66 -75.3155
1124.55 -75.5647
1125.43 -75.8138
1126.32 -76.0629
1127.2 -76.3119
1128.08 -76.5608
1128.97 -76.8096
1129.85 -77.0584
1130.73 -77.3071
1131.61 -77.5557
1132.49 -77.8042
1133.38 -78.0527
1134.26 -78.301
1135.14 -78.5493
1136.02 -78.7975
1136.9 -79.0457
1137.78 -79.2938
1138.66 -79.5418
1139.54 -79.7897
1140.42 -80.0375
1141.3 -80.2853
1142.18 -80.533
1143.06 -80.7807
1143.94 -81.0282
1144.81 -81.2757
1145.69 -81.5231
1146.57 -81.7705
1147.45 -82.0177
1148.33 -82.2649
1149.2 -82.5121
1150.08 -82.7591
1150.96 -83.0061
1151.83 -83.2531
1152.71 -83.4999
1153.58 -83.7467
1154.46 -83.9934
1155.34 -84.2401
1156.21 -84.4867
1157.09 -84.7332
1157.96 -84.9796
1158.83 -85.226
1159.71 -85.4723
1160.58 -85.7186
1161.46 -85.9647
1162.33 -86.2109
1163.2 -86.4569
1164.08 -86.7029
1164.95 -86.9488
1165.82 -87.1947
1166.69 -87.4405
1167.57 -87.6862
1168.44 -87.9318
1169.31 -88.1774
1170.18 -88.423
1171.05 -88.6684
1171.92 -88.9138
1172.79 -89.1592
1173.66 -89.4045
1174.53 -89.6497
1175.4 -89.8949
1176.27 -90.14
1177.14 -90.385
1178.01 -90.63
1178.88 -90.8749
1179.75 -91.1197
1180.62 -91.3645
1181.49 -91.6092
1182.36 -91.8539
1183.22 -92.0985
1184.09 -92.3431
1184.96 -92.5876
1185.83 -92.832
1186.69 -93.0764
1187.56 -93.3207
1188.43 -93.565
1189.3 -93.8092
1190.16 -94.0533
1191.03 -94.2974
1191.89 -94.5414
1192.76 -94.7854
1193.63 -95.0293
1194.49 -95.2732
1195.36 -95.517
1196.22 -95.7607
1197.09 -96.0044
1197.95 -96.2481
1198.82 -96.4917
1199.68 -96.7352
1200.54 -96.9786
1201.41 -97.2221
1202.27 -97.4654
1203.13 -97.7087
1204 -97.952
1204.86 -98.1952
1205.72 -98.4383
1206.59 -98.6814
1207.45 -98.9245
1208.31 -99.1675
1209.17 -99.4104
1210.04 -99.6533
1210.9 -99.8961
1211.76 -100.139
1212.62 -100.382
1213.48 -100.624
1214.34 -100.867
1215.2 -101.109
1216.06 -101.352
1216.92 -101.594
1217.78 -101.837
1218.65 -102.079
1219.51 -102.322
1220.36 -102.564
1221.22 -102.806
1222.08 -103.048
1222.94 -103.29
1223.8 -103.532
1224.66 -103.774
1225.52 -104.016
1226.38 -104.258
1227.24 -104.5
1228.09 -104.742
1228.95 -104.984
1229.81 -105.226
1230.67 -105.467
1231.53 -105.709
1232.38 -105.95
1233.24 -106.192
1234.1 -106.433
1234.95 -106.675
1235.81 -106.916
1236.67 -107.158
1237.52 -107.399
1238.38 -107.64
1239.24 -107.881
1240.09 -108.123
1240.95 -108.364
1241.8 -108.605
1242.66 -108.846
1243.51 -109.087
1244.37 -109.328
1245.22 -109.569
1246.08 -109.81
1246.93 -110.05
1247.79 -110.291
1248.64 -110.532
1249.5 -110.773
1250.35 -111.013
1251.2 -111.254
1252.06 -111.494
1252.91 -111.735
1253.77 -111.975
1254.62 -112.216
1255.47 -112.456
1256.32 -112.696
1257.18 -112.937
1258.03 -113.177
1258.88 -113.417
1259.73 -113.657
1260.59 -113.897
1261.44 -114.138
1262.29 -114.378
1263.14 -114.618
1263.99 -114.858
1264.85 -115.098
1265.7 -115.337
1266.55 -115.577
1267.4 -115.817
1268.25 -116.057
1269.1 -116.297
1269.95 -116.536
1270.8 -116.776
1271.65 -117.015
1272.5 -117.255
1273.35 -117.495
1274.2 -117.734
1275.05 -117.973
1275.9 -118.213
1276.75 -118.452
1277.6 -118.692
1278.45 -118.931
1279.3 -119.17
1280.15 -119.409
1281 -119.648
1281.85 -119.888
1282.69 -120.127
1283.54 -120.366
1284.39 -120.605
1285.24 -120.844
1286.09 -121.083
1286.93 -121.322
1287.78 -121.561
1288.63 -121.799
1289.48 -122.038
1290.32 -122.277
1291.17 -122.516
1292.02 -122.754
1292.87 -122.993
1293.71 -123.232
1294.56 -123.47
1295.41 -123.709
1296.25 -123.947
1297.1 -124.186
1297.95 -124.424
1298.79 -124.663
1299.64 -124.901
1300.48 -125.139
1301.33 -125.378
1302.17 -125.616
1303.02 -125.854
1303.87 -126.092
1304.71 -126.331
1305.56 -126.569
1306.4 -126.807
1307.25 -127.045
1308.09 -127.283
1308.93 -127.521
1309.78 -127.759
1310.62 -127.997
1311.47 -128.235
1312.31 -128.473
1313.16 -128.71
1314 -128.948
1314.84 -129.186
1315.69 -129.424
1316.53 -129.662
1317.38 -129.899
1318.22 -130.137
1319.06 -130.374
1319.9 -130.612
1320.75 -130.85
1321.59 -131.087
1322.43 -131.325
1323.28 -131.562
1324.12 -131.799
1324.96 -132.037
1325.8 -132.274
1326.65 -132.512
1327.49 -132.749
1328.33 -132.986
1329.17 -133.223
1330.01 -133.461
1330.86 -133.698
1331.7 -133.935
1332.54 -134.172
1333.38 -134.409
1334.22 -134.646
1335.06 -134.883
1335.9 -135.12
1336.74 -135.357
1337.59 -135.594
1338.43 -135.831
1339.27 -136.068
1340.11 -136.305
1340.95 -136.542
1341.79 -136.778
1342.63 -137.015
1343.47 -137.252
1344.31 -137.489
1345.15 -137.725
1345.99 -137.962
1346.83 -138.199
1347.67 -138.435
1348.51 -138.672
1349.35 -138.908
1350.19 -139.145
1351.03 -139.381
1351.86 -139.618
1352.7 -139.854
1353.54 -140.091
1354.38 -140.327
1355.22 -140.563
1356.06 -140.8
1356.9 -141.036
1357.74 -141.272
1358.57 -141.508
1359.41 -141.745
1360.25 -141.981
1361.09 -142.217
1361.93 -142.453
1362.77 -142.689
1363.6 -142.925
1364.44 -143.161
1365.28 -143.397
1366.12 -143.633
1366.95 -143.869
1367.79 -144.105
1368.63 -144.341
1369.46 -144.577
1370.3 -144.813
1371.14 -145.049
1371.98 -145.285
1372.81 -145.52
1373.65 -145.756
1374.49 -145.992
1375.32 -146.228
1376.16 -146.463
1377 -146.699
1377.83 -146.935
1378.67 -147.17
1379.5 -147.406
1380.34 -147.641
1381.18 -147.877
1382.01 -148.112
1382.85 -148.348
1383.68 -148.583
1384.52 -148.819
1385.35 -149.054
1386.19 -149.29
1387.03 -149.525
1387.86 -149.76
1388.7 -149.996
1389.53 -150.231
1390.37 -150.466
1391.2 -150.702
1392.04 -150.937
1392.87 -151.172
1393.7 -151.407
1394.54 -151.642
1395.37 -151.878
1396.21 -152.113
1397.04 -152.348
1397.88 -152.583
1398.71 -152.818
1399.55 -153.053
1400.38 -153.288
1401.21 -153.523
1402.05 -153.758
1402.88 -153.993
1403.71 -154.228
1404.55 -154.463
1405.38 -154.698
1406.22 -154.932
1407.05 -155.167
1407.88 -155.402
1408.72 -155.637
1409.55 -155.872
1410.38 -156.106
1411.21 -156.341
1412.05 -156.576
1412.88 -156.81
1413.71 -157.045
1414.55 -157.28
1415.38 -157.514
1416.21 -157.749
1417.04 -157.984
1417.88 -158.218
1418.71 -158.453
1419.54 -158.687
1420.37 -158.922
1421.2 -159.156
1422.04 -159.391
1422.87 -159.625
1423.7 -159.859
1424.53 -160.094
1425.36 -160.328
1426.2 -160.563
1427.03 -160.797
1427.86 -161.031
1428.69 -161.265
1429.52 -161.5
1430.35 -161.734
