0 -800
0.625815 -799.437
1.25163 -798.873
1.87744 -798.31
2.50326 -797.746
3.12907 -797.183
3.75489 -796.619
4.3807 -796.056
5.00652 -795.492
5.63233 -794.929
6.25815 -794.365
6.88396 -793.802
7.50978 -793.238
8.1356 -792.675
8.76141 -792.111
9.38723 -791.548
10.013 -790.984
10.6389 -790.421
11.2647 -789.857
11.8905 -789.294
12.5163 -788.73
13.1421 -788.167
13.7679 -787.604
14.3937 -787.04
15.0196 -786.477
15.6454 -785.913
16.2712 -785.35
16.897 -784.786
17.5228 -784.223
18.1486 -783.659
18.7745 -783.096
19.4003 -782.532
20.0261 -781.969
20.6519 -781.405
21.2777 -780.842
21.9035 -780.278
22.5294 -779.715
23.1552 -779.151
23.781 -778.588
24.4068 -778.024
25.0326 -777.461
25.6584 -776.897
26.2843 -776.334
26.9101 -775.771
27.5359 -775.207
28.1617 -774.644
28.7875 -774.08
29.4133 -773.517
30.0392 -772.953
30.665 -772.39
31.2908 -771.826
31.9166 -771.263
32.5424 -770.699
33.1682 -770.136
33.7941 -769.572
34.4199 -769.009
35.0457 -768.445
35.6715 -767.882
36.2973 -767.318
36.9231 -766.755
37.549 -766.191
38.1748 -765.628
38.8006 -765.064
39.4264 -764.501
40.0522 -763.938
40.678 -763.374
41.3039 -762.811
41.9297 -762.247
42.5555 -761.684
43.1813 -761.12
43.8071 -760.557
44.4329 -759.993
45.0588 -759.43
45.6846 -758.866
46.3104 -758.303
46.9362 -757.739
47.562 -757.176
48.1878 -756.612
48.8136 -756.049
49.4395 -755.485
50.0653 -754.922
50.6911 -754.358
51.3169 -753.795
51.9427 -753.231
52.5686 -752.668
53.1944 -752.104
53.8202 -751.541
54.446 -750.978
55.0718 -750.414
55.6977 -749.851
56.3235 -749.287
56.9493 -748.724
57.5751 -748.16
58.2009 -747.597
58.8268 -747.033
59.4526 -746.47
60.0784 -745.906
60.7042 -745.343
61.33 -744.779
61.9559 -744.216
62.5817 -743.652
63.2075 -743.089
63.8333 -742.525
64.4591 -741.962
65.0849 -741.398
65.7108 -740.835
66.3366 -740.271
66.9624 -739.708
67.5882 -739.145
68.214 -738.581
68.8398 -738.018
69.4657 -737.454
70.0915 -736.891
70.7173 -736.327
71.3431 -735.764
71.9689 -735.2
72.5948 -734.637
73.2206 -734.073
73.8464 -733.51
74.4722 -732.946
75.0981 -732.383
75.7239 -731.819
76.3497 -731.256
76.9755 -730.692
77.6013 -730.129
78.2272 -729.565
78.853 -729.002
79.4788 -728.438
80.1046 -727.875
80.7305 -727.312
81.3563 -726.748
81.9821 -726.185
82.6079 -725.621
83.2338 -725.058
83.8596 -724.494
84.4854 -723.931
85.1112 -723.367
85.7371 -722.804
86.3629 -722.24
86.9887 -721.677
87.6145 -721.113
88.2404 -720.55
88.8662 -719.986
89.492 -719.423
90.1178 -718.859
90.7437 -718.296
91.3695 -717.732
91.9953 -717.169
92.6211 -716.605
93.2469 -716.042
93.8728 -715.479
94.4986 -714.915
95.1244 -714.352
95.7502 -713.788
96.3761 -713.225
97.0019 -712.661
97.6277 -712.098
98.2535 -711.534
98.8794 -710.971
99.5052 -710.407
100.131 -709.844
100.757 -709.28
101.383 -708.717
102.008 -708.153
102.634 -707.59
103.26 -707.026
103.886 -706.463
104.512 -705.899
105.138 -705.336
105.763 -704.772
106.389 -704.209
107.015 -703.646
107.641 -703.082
108.267 -702.519
108.893 -701.955
109.518 -701.392
110.144 -700.828
110.77 -700.265
111.396 -699.701
112.022 -699.138
112.647 -698.574
113.273 -698.011
113.899 -697.447
114.525 -696.884
115.151 -696.32
115.777 -695.757
116.402 -695.193
117.028 -694.63
117.654 -694.066
118.28 -693.503
118.906 -692.939
119.532 -692.376
120.157 -691.812
120.783 -691.249
121.409 -690.686
122.035 -690.122
122.661 -689.559
123.287 -688.995
123.912 -688.432
124.538 -687.868
125.164 -687.305
125.79 -686.741
126.416 -686.178
127.042 -685.614
127.667 -685.051
128.293 -684.487
128.919 -683.924
129.545 -683.36
130.171 -682.797
130.796 -682.233
131.422 -681.67
132.048 -681.106
132.674 -680.543
133.3 -679.979
133.926 -679.416
134.551 -678.853
135.177 -678.289
135.803 -677.726
136.429 -677.162
137.055 -676.599
137.681 -676.035
138.306 -675.472
138.932 -674.908
139.558 -674.345
140.184 -673.781
140.81 -673.218
141.436 -672.654
142.061 -672.091
142.687 -671.527
143.313 -670.964
143.939 -670.4
144.565 -669.837
145.191 -669.273
145.817 -668.71
146.442 -668.146
147.068 -667.583
147.694 -667.02
148.32 -666.456
148.946 -665.893
149.572 -665.329
150.197 -664.766
150.823 -664.202
151.449 -663.639
152.075 -663.075
152.701 -662.512
153.327 -661.948
153.952 -661.385
154.578 -660.821
155.204 -660.258
155.83 -659.694
156.456 -659.131
157.082 -658.567
157.707 -658.004
158.333 -657.44
158.959 -656.877
159.585 -656.313
160.211 -655.75
160.837 -655.187
161.462 -654.623
162.088 -654.06
162.714 -653.496
163.34 -652.933
163.966 -652.369
164.592 -651.806
165.218 -651.242
165.843 -650.679
166.469 -650.115
167.095 -649.552
167.721 -648.988
168.347 -648.425
168.973 -647.861
169.598 -647.298
170.224 -646.734
170.85 -646.171
171.476 -645.607
172.102 -645.044
172.728 -644.48
173.353 -643.917
173.979 -643.354
174.605 -642.79
175.231 -642.227
175.857 -641.663
176.483 -641.1
177.108 -640.536
177.734 -639.973
178.36 -639.409
178.986 -638.846
179.612 -638.282
180.238 -637.719
180.864 -637.155
181.489 -636.592
182.115 -636.028
182.741 -635.465
183.367 -634.901
183.993 -634.338
184.619 -633.774
185.245 -633.211
185.87 -632.647
186.496 -632.084
187.122 -631.521
187.748 -630.957
188.374 -630.394
189 -629.83
189.626 -629.267
190.251 -628.703
190.877 -628.14
191.503 -627.576
192.129 -627.013
192.755 -626.449
193.381 -625.886
194.007 -625.322
194.632 -624.759
195.258 -624.195
195.884 -623.632
196.51 -623.068
197.136 -622.505
197.762 -621.941
198.388 -621.378
199.013 -620.814
199.639 -620.251
200.265 -619.688
200.891 -619.124
201.517 -618.561
202.143 -617.997
202.769 -617.434
203.394 -616.87
204.02 -616.307
204.646 -615.743
205.272 -615.18
205.898 -614.616
206.524 -614.053
207.15 -613.489
207.775 -612.926
208.401 -612.362
209.027 -611.799
209.653 -611.235
210.279 -610.672
210.905 -610.108
211.531 -609.545
212.157 -608.981
212.782 -608.418
213.408 -607.854
214.034 -607.291
214.66 -606.728
215.286 -606.164
215.912 -605.601
216.538 -605.037
217.163 -604.474
217.789 -603.91
218.415 -603.347
219.041 -602.783
219.667 -602.22
220.293 -601.656
220.919 -601.093
221.545 -600.529
222.17 -599.966
222.796 -599.402
223.422 -598.839
224.048 -598.275
224.674 -597.712
225.3 -597.148
225.926 -596.585
226.552 -596.021
227.177 -595.458
227.803 -594.895
228.429 -594.331
229.055 -593.768
229.681 -593.204
230.307 -592.641
230.933 -592.077
231.559 -591.514
232.185 -590.95
232.81 -590.387
233.436 -589.823
234.062 -589.26
234.688 -588.696
235.314 -588.133
235.94 -587.569
236.566 -587.006
237.192 -586.442
237.818 -585.879
238.443 -585.315
239.069 -584.752
239.695 -584.188
240.321 -583.625
240.947 -583.062
241.573 -582.498
242.199 -581.935
242.825 -581.371
243.451 -580.808
244.076 -580.244
244.702 -579.681
245.328 -579.117
245.954 -578.554
246.58 -577.99
247.206 -577.427
247.832 -576.863
248.458 -576.3
249.084 -575.736
249.71 -575.173
250.335 -574.609
250.961 -574.046
251.587 -573.482
252.213 -572.919
252.839 -572.355
253.465 -571.792
254.091 -571.229
254.717 -570.665
255.343 -570.102
255.969 -569.538
256.595 -568.975
257.22 -568.411
257.846 -567.848
258.472 -567.284
259.098 -566.721
259.724 -566.157
260.35 -565.594
260.976 -565.03
261.602 -564.467
262.228 -563.903
262.854 -563.34
263.48 -562.776
264.106 -562.213
264.731 -561.649
265.357 -561.086
265.983 -560.522
266.609 -559.959
267.235 -559.396
267.861 -558.832
268.487 -558.269
269.113 -557.705
269.739 -557.142
270.365 -556.578
270.991 -556.015
271.617 -555.451
272.243 -554.888
272.869 -554.324
273.494 -553.761
274.12 -553.197
274.746 -552.634
275.372 -552.07
275.998 -551.507
276.624 -550.943
277.25 -550.38
277.876 -549.816
278.502 -549.253
279.128 -548.689
279.754 -548.126
280.38 -547.562
281.006 -546.999
281.632 -546.436
282.258 -545.872
282.884 -545.309
283.51 -544.745
284.136 -544.182
284.762 -543.618
285.387 -543.055
286.013 -542.491
286.639 -541.928
287.265 -541.364
287.891 -540.801
288.517 -540.237
289.143 -539.674
289.769 -539.11
290.395 -538.547
291.021 -537.983
291.647 -537.42
292.273 -536.856
292.899 -536.293
293.525 -535.729
294.151 -535.166
294.777 -534.603
295.403 -534.039
296.029 -533.476
296.655 -532.912
297.281 -532.349
297.907 -531.785
298.533 -531.222
299.159 -530.658
299.785 -530.095
300.411 -529.531
301.037 -528.968
301.663 -528.404
302.289 -527.841
302.915 -527.277
303.541 -526.714
304.167 -526.15
304.793 -525.587
305.419 -525.023
306.045 -524.46
306.671 -523.896
307.297 -523.333
307.923 -522.77
308.549 -522.206
309.175 -521.643
309.801 -521.079
310.427 -520.516
311.053 -519.952
311.679 -519.389
312.305 -518.825
312.931 -518.262
313.557 -517.698
314.183 -517.135
314.809 -516.571
315.435 -516.008
316.061 -515.444
316.687 -514.881
317.313 -514.317
317.939 -513.754
318.565 -513.19
319.191 -512.627
319.817 -512.063
320.443 -511.5
321.069 -510.937
321.695 -510.373
322.321 -509.81
322.947 -509.246
323.573 -508.683
324.199 -508.119
324.826 -507.556
325.452 -506.992
326.078 -506.429
326.704 -505.865
327.33 -505.302
327.956 -504.738
328.582 -504.175
329.208 -503.611
329.834 -503.048
330.46 -502.484
331.086 -501.921
331.712 -501.357
332.338 -500.794
332.964 -500.231
333.59 -499.667
334.217 -499.104
334.843 -498.54
335.469 -497.977
336.095 -497.413
336.721 -496.85
337.347 -496.286
337.973 -495.723
338.599 -495.16
339.225 -494.596
339.851 -494.033
340.478 -493.469
341.104 -492.906
341.73 -492.342
342.356 -491.779
342.982 -491.215
343.608 -490.652
344.234 -490.089
344.86 -489.525
345.486 -488.962
346.113 -488.398
346.739 -487.835
347.365 -487.271
347.991 -486.708
348.617 -486.144
349.243 -485.581
349.869 -485.018
350.496 -484.454
351.122 -483.891
351.748 -483.327
352.374 -482.764
353 -482.2
353.626 -481.637
354.253 -481.073
354.879 -480.51
355.505 -479.947
356.131 -479.383
356.757 -478.82
357.383 -478.256
358.01 -477.693
358.636 -477.129
359.262 -476.566
359.888 -476.002
360.514 -475.439
361.14 -474.876
361.767 -474.312
362.393 -473.749
363.019 -473.185
363.645 -472.622
364.271 -472.058
364.898 -471.495
365.524 -470.931
366.15 -470.368
366.776 -469.805
367.403 -469.241
368.029 -468.678
368.655 -468.114
369.281 -467.551
369.908 -466.987
370.534 -466.424
371.16 -465.86
371.786 -465.297
372.413 -464.733
373.039 -464.17
373.665 -463.607
374.291 -463.043
374.918 -462.48
375.544 -461.916
376.17 -461.353
376.796 -460.789
377.423 -460.226
378.049 -459.662
378.675 -459.099
379.302 -458.536
379.928 -457.972
380.554 -457.409
381.18 -456.845
381.807 -456.282
382.433 -455.718
383.059 -455.155
383.686 -454.591
384.312 -454.028
384.938 -453.465
385.565 -452.901
386.191 -452.338
386.817 -451.774
387.444 -451.211
388.07 -450.647
388.696 -450.084
389.323 -449.52
389.949 -448.957
390.576 -448.394
391.202 -447.83
391.828 -447.267
392.455 -446.703
393.081 -446.14
393.707 -445.577
394.334 -445.013
394.96 -444.45
395.587 -443.886
396.213 -443.323
396.839 -442.759
397.466 -442.196
398.092 -441.633
398.719 -441.069
399.345 -440.506
399.972 -439.942
400.598 -439.379
401.224 -438.816
401.851 -438.252
402.477 -437.689
403.104 -437.125
403.73 -436.562
404.357 -435.998
404.983 -435.435
405.61 -434.872
406.236 -434.308
406.863 -433.745
407.489 -433.181
408.116 -432.618
408.742 -432.055
409.369 -431.491
409.995 -430.928
410.622 -430.364
411.248 -429.801
411.875 -429.237
412.501 -428.674
413.128 -428.111
413.755 -427.547
414.381 -426.984
415.008 -426.42
415.634 -425.857
416.261 -425.294
416.887 -424.73
417.514 -424.167
418.141 -423.603
418.767 -423.04
419.394 -422.477
420.02 -421.913
420.647 -421.35
421.274 -420.786
421.9 -420.223
422.527 -419.659
423.154 -419.096
423.78 -418.533
424.407 -417.969
425.034 -417.406
425.66 -416.842
426.287 -416.279
426.914 -415.716
427.54 -415.152
428.167 -414.589
428.794 -414.026
429.421 -413.462
430.047 -412.899
430.674 -412.335
431.301 -411.772
431.927 -411.209
432.554 -410.645
433.181 -410.082
433.808 -409.518
434.435 -408.955
435.061 -408.392
435.688 -407.828
436.315 -407.265
436.942 -406.702
437.569 -406.138
438.195 -405.575
438.822 -405.011
439.449 -404.448
440.076 -403.885
440.703 -403.321
441.33 -402.758
441.957 -402.194
442.583 -401.631
443.21 -401.068
443.837 -400.504
444.464 -399.941
445.091 -399.378
445.718 -398.814
446.345 -398.251
446.972 -397.687
447.599 -397.124
448.226 -396.561
448.853 -395.997
449.48 -395.434
450.107 -394.871
450.734 -394.307
451.361 -393.744
451.988 -393.181
452.615 -392.617
453.242 -392.054
453.869 -391.491
454.496 -390.927
455.123 -390.364
455.75 -389.801
456.377 -389.237
457.004 -388.674
457.631 -388.11
458.259 -387.547
458.886 -386.984
459.513 -386.42
460.14 -385.857
460.767 -385.294
461.394 -384.73
462.022 -384.167
462.649 -383.604
463.276 -383.04
463.903 -382.477
464.53 -381.914
465.158 -381.35
465.785 -380.787
466.412 -380.224
467.039 -379.66
467.667 -379.097
468.294 -378.534
468.921 -377.97
469.549 -377.407
470.176 -376.844
470.803 -376.28
471.431 -375.717
472.058 -375.154
472.685 -374.59
473.313 -374.027
473.94 -373.464
474.568 -372.9
475.195 -372.337
475.823 -371.774
476.45 -371.21
477.077 -370.647
477.705 -370.084
478.332 -369.52
478.96 -368.957
479.587 -368.394
480.215 -367.831
480.843 -367.267
481.47 -366.704
482.098 -366.141
482.725 -365.577
483.353 -365.014
483.981 -364.451
484.608 -363.888
485.236 -363.324
485.863 -362.761
486.491 -362.198
487.119 -361.634
487.747 -361.071
488.374 -360.508
489.002 -359.944
489.63 -359.381
490.258 -358.818
490.885 -358.255
491.513 -357.691
492.141 -357.128
492.769 -356.565
493.397 -356.002
494.024 -355.438
494.652 -354.875
495.28 -354.312
495.908 -353.749
496.536 -353.185
497.164 -352.622
497.792 -352.059
498.42 -351.495
499.048 -350.932
499.676 -350.369
500.304 -349.806
500.932 -349.242
501.56 -348.679
502.188 -348.116
502.816 -347.553
503.445 -346.989
504.073 -346.426
504.701 -345.863
505.329 -345.3
505.957 -344.737
506.585 -344.173
507.214 -343.61
507.842 -343.047
508.47 -342.484
509.099 -341.92
509.727 -341.357
510.355 -340.794
510.984 -340.231
511.612 -339.668
512.24 -339.104
512.869 -338.541
513.497 -337.978
514.126 -337.415
514.754 -336.852
515.383 -336.288
516.011 -335.725
516.64 -335.162
517.268 -334.599
517.897 -334.035
518.525 -333.472
519.154 -332.909
519.783 -332.346
520.411 -331.783
521.04 -331.22
521.669 -330.656
522.298 -330.093
522.926 -329.53
523.555 -328.967
524.184 -328.404
524.813 -327.841
525.442 -327.277
526.071 -326.714
526.7 -326.151
527.328 -325.588
527.957 -325.025
528.586 -324.462
529.215 -323.899
529.844 -323.335
530.474 -322.772
531.103 -322.209
531.732 -321.646
532.361 -321.083
532.99 -320.52
533.619 -319.957
534.248 -319.393
534.878 -318.83
535.507 -318.267
536.136 -317.704
536.766 -317.141
537.395 -316.578
538.024 -316.015
538.654 -315.452
539.283 -314.889
539.913 -314.326
540.542 -313.762
541.172 -313.199
541.801 -312.636
542.431 -312.073
543.061 -311.51
543.69 -310.947
544.32 -310.384
544.95 -309.821
545.579 -309.258
546.209 -308.695
546.839 -308.132
547.469 -307.569
548.099 -307.006
548.729 -306.443
549.359 -305.88
549.989 -305.316
550.619 -304.753
551.249 -304.19
551.879 -303.627
552.509 -303.064
553.139 -302.501
553.769 -301.938
554.399 -301.375
555.03 -300.812
555.66 -300.249
556.29 -299.686
556.921 -299.123
557.551 -298.56
558.181 -297.997
558.812 -297.434
559.442 -296.871
560.073 -296.308
560.703 -295.746
561.334 -295.183
561.965 -294.62
562.595 -294.057
563.226 -293.494
563.857 -292.931
564.488 -292.368
565.119 -291.805
565.749 -291.242
566.38 -290.679
567.011 -290.116
567.642 -289.553
568.273 -288.99
568.904 -288.427
569.536 -287.864
570.167 -287.302
570.798 -286.739
571.429 -286.176
572.061 -285.613
572.692 -285.05
573.323 -284.487
573.955 -283.924
574.586 -283.361
575.218 -282.799
575.849 -282.236
576.481 -281.673
577.113 -281.11
577.744 -280.547
578.376 -279.984
579.008 -279.421
579.64 -278.859
580.272 -278.296
580.904 -277.733
581.536 -277.17
582.168 -276.607
582.8 -276.045
583.432 -275.482
584.064 -274.919
584.696 -274.356
585.329 -273.794
585.961 -273.231
586.594 -272.668
587.226 -272.105
587.859 -271.543
588.491 -270.98
589.124 -270.417
589.756 -269.854
590.389 -269.292
591.022 -268.729
591.655 -268.166
592.288 -267.603
592.921 -267.041
593.554 -266.478
594.187 -265.915
594.82 -265.353
595.453 -264.79
596.086 -264.227
596.719 -263.665
597.353 -263.102
597.986 -262.539
598.62 -261.977
599.253 -261.414
599.887 -260.852
600.521 -260.289
601.154 -259.726
601.788 -259.164
602.422 -258.601
603.056 -258.039
603.69 -257.476
604.324 -256.914
604.958 -256.351
605.592 -255.788
606.226 -255.226
606.861 -254.663
607.495 -254.101
608.13 -253.538
608.764 -252.976
609.399 -252.413
610.033 -251.851
610.668 -251.288
611.303 -250.726
611.938 -250.163
612.573 -249.601
613.208 -249.039
613.843 -248.476
614.478 -247.914
615.113 -247.351
615.749 -246.789
616.384 -246.226
617.02 -245.664
617.655 -245.102
618.291 -244.539
618.926 -243.977
619.562 -243.415
620.198 -242.852
620.834 -242.29
621.47 -241.728
622.106 -241.165
622.742 -240.603
623.379 -240.041
624.015 -239.478
624.651 -238.916
625.288 -238.354
625.925 -237.792
626.561 -237.229
627.198 -236.667
627.835 -236.105
628.472 -235.543
629.109 -234.981
629.746 -234.418
630.383 -233.856
631.021 -233.294
631.658 -232.732
632.296 -232.17
632.933 -231.608
633.571 -231.045
634.209 -230.483
634.847 -229.921
635.485 -229.359
636.123 -228.797
636.761 -228.235
637.399 -227.673
638.038 -227.111
638.676 -226.549
639.315 -225.987
639.953 -225.425
640.592 -224.863
641.231 -224.301
641.87 -223.739
642.509 -223.177
643.148 -222.615
643.788 -222.053
644.427 -221.492
645.067 -220.93
645.706 -220.368
646.346 -219.806
646.986 -219.244
647.626 -218.682
648.266 -218.12
648.906 -217.559
649.547 -216.997
650.187 -216.435
650.828 -215.873
651.468 -215.312
652.109 -214.75
652.75 -214.188
653.391 -213.627
654.032 -213.065
654.674 -212.503
655.315 -211.942
655.957 -211.38
656.598 -210.819
657.24 -210.257
657.882 -209.695
658.524 -209.134
659.166 -208.572
659.808 -208.011
660.451 -207.449
661.094 -206.888
661.736 -206.326
662.379 -205.765
663.022 -205.204
663.665 -204.642
664.308 -204.081
664.952 -203.519
665.595 -202.958
666.239 -202.397
666.883 -201.835
667.527 -201.274
668.171 -200.713
668.815 -200.152
669.46 -199.59
670.104 -199.029
670.749 -198.468
671.394 -197.907
672.039 -197.346
672.684 -196.785
673.33 -196.224
673.975 -195.662
674.621 -195.101
675.267 -194.54
675.913 -193.979
676.559 -193.418
677.205 -192.857
677.852 -192.297
678.498 -191.736
679.145 -191.175
679.792 -190.614
680.439 -190.053
681.086 -189.492
681.734 -188.931
682.382 -188.371
683.03 -187.81
683.678 -187.249
684.326 -186.689
684.974 -186.128
685.623 -185.567
686.271 -185.007
686.92 -184.446
687.57 -183.886
688.219 -183.325
688.868 -182.765
689.518 -182.204
690.168 -181.644
690.818 -181.083
691.468 -180.523
692.119 -179.962
692.77 -179.402
693.42 -178.842
694.072 -178.282
694.723 -177.721
695.374 -177.161
696.026 -176.601
696.678 -176.041
697.33 -175.481
697.983 -174.921
698.635 -174.361
699.288 -173.801
699.941 -173.241
700.594 -172.681
701.248 -172.121
701.901 -171.561
702.555 -171.001
703.209 -170.441
703.864 -169.882
704.518 -169.322
705.173 -168.762
705.828 -168.203
706.484 -167.643
707.139 -167.083
707.795 -166.524
708.451 -165.964
709.107 -165.405
709.764 -164.846
710.42 -164.286
711.078 -163.727
711.735 -163.168
712.392 -162.608
713.05 -162.049
713.708 -161.49
714.367 -160.931
715.025 -160.372
715.684 -159.813
716.343 -159.254
717.003 -158.695
717.662 -158.136
718.322 -157.577
718.982 -157.018
719.643 -156.459
720.304 -155.901
720.965 -155.342
721.626 -154.783
722.288 -154.225
722.95 -153.666
723.612 -153.108
724.274 -152.55
724.937 -151.991
725.6 -151.433
726.264 -150.875
726.928 -150.316
727.592 -149.758
728.256 -149.2
728.921 -148.642
729.586 -148.084
730.251 -147.526
730.917 -146.968
731.583 -146.411
732.249 -145.853
732.916 -145.295
733.583 -144.738
734.25 -144.18
734.918 -143.622
735.586 -143.065
736.254 -142.508
736.923 -141.95
737.592 -141.393
738.262 -140.836
738.931 -140.279
739.602 -139.722
740.272 -139.165
740.943 -138.608
741.614 -138.051
742.286 -137.494
742.958 -136.937
743.63 -136.381
744.303 -135.824
744.976 -135.268
745.65 -134.711
746.324 -134.155
746.998 -133.599
747.673 -133.043
748.348 -132.486
749.024 -131.93
749.7 -131.375
750.376 -130.819
751.053 -130.263
751.73 -129.707
752.408 -129.152
753.086 -128.596
753.764 -128.041
754.443 -127.485
755.123 -126.93
755.803 -126.375
756.483 -125.82
757.164 -125.265
757.845 -124.71
758.526 -124.155
759.209 -123.6
759.891 -123.046
760.574 -122.491
761.258 -121.937
761.942 -121.383
762.626 -120.828
763.311 -120.274
763.997 -119.72
764.683 -119.167
765.369 -118.613
766.056 -118.059
766.744 -117.506
767.432 -116.952
768.12 -116.399
768.809 -115.846
769.499 -115.292
770.189 -114.74
770.88 -114.187
771.571 -113.634
772.263 -113.081
772.955 -112.529
773.648 -111.976
774.341 -111.424
775.035 -110.872
775.73 -110.32
776.425 -109.768
777.121 -109.217
777.817 -108.665
778.514 -108.114
779.212 -107.562
779.91 -107.011
780.609 -106.46
781.308 -105.909
782.008 -105.359
782.708 -104.808
783.41 -104.258
784.111 -103.708
784.814 -103.158
785.517 -102.608
786.221 -102.058
786.925 -101.508
787.63 -100.959
788.336 -100.41
789.043 -99.8606
789.75 -99.3117
790.458 -98.763
791.166 -98.2144
791.875 -97.666
792.585 -97.1179
793.296 -96.5699
794.007 -96.022
794.719 -95.4744
795.432 -94.927
796.146 -94.3798
796.86 -93.8328
797.575 -93.2859
798.291 -92.7393
799.007 -92.1929
799.725 -91.6467
800.443 -91.1007
801.162 -90.555
801.881 -90.0094
802.602 -89.4641
803.323 -88.919
804.045 -88.3742
804.768 -87.8295
805.492 -87.2851
806.217 -86.741
806.942 -86.1971
807.668 -85.6535
808.396 -85.1101
809.124 -84.5669
809.852 -84.024
810.582 -83.4814
811.313 -82.9391
812.044 -82.397
812.777 -81.8552
813.51 -81.3137
814.245 -80.7724
814.98 -80.2315
815.716 -79.6908
816.453 -79.1505
817.191 -78.6104
817.93 -78.0706
818.67 -77.5312
819.411 -76.9921
820.153 -76.4533
820.896 -75.9148
821.64 -75.3766
822.385 -74.8388
823.131 -74.3013
823.878 -73.7642
824.626 -73.2274
825.375 -72.691
826.126 -72.155
826.877 -71.6193
827.629 -71.084
828.383 -70.549
829.137 -70.0145
829.893 -69.4803
830.65 -68.9466
831.408 -68.4132
832.167 -67.8803
832.927 -67.3477
833.689 -66.8156
834.451 -66.284
835.215 -65.7527
835.98 -65.2219
836.746 -64.6916
837.513 -64.1617
838.282 -63.6323
839.052 -63.1033
839.823 -62.5749
840.595 -62.0469
841.369 -61.5194
842.144 -60.9924
842.92 -60.466
843.698 -59.94
844.476 -59.4146
845.257 -58.8897
846.038 -58.3654
846.821 -57.8416
847.605 -57.3184
848.391 -56.7958
849.178 -56.2738
849.966 -55.7523
850.756 -55.2314
851.547 -54.7112
852.34 -54.1916
853.134 -53.6726
853.93 -53.1543
854.727 -52.6366
855.525 -52.1195
856.325 -51.6032
857.127 -51.0875
857.93 -50.5726
858.735 -50.0583
859.541 -49.5448
860.349 -49.032
861.158 -48.52
861.969 -48.0087
862.782 -47.4982
863.596 -46.9884
864.412 -46.4795
865.229 -45.9714
866.048 -45.4641
866.869 -44.9576
867.692 -44.452
868.516 -43.9473
869.342 -43.4435
870.17 -42.9405
871 -42.4385
871.831 -41.9374
872.664 -41.4372
873.499 -40.938
874.336 -40.4398
875.174 -39.9426
876.014 -39.4464
876.857 -38.9512
877.701 -38.4571
878.547 -37.964
879.395 -37.472
880.245 -36.9811
881.096 -36.4913
881.95 -36.0027
882.806 -35.5153
883.664 -35.029
884.523 -34.5439
885.385 -34.06
886.249 -33.5774
887.115 -33.096
887.983 -32.616
888.853 -32.1372
889.725 -31.6598
890.599 -31.1837
891.475 -30.709
892.353 -30.2357
893.234 -29.7638
894.117 -29.2934
895.002 -28.8244
895.889 -28.357
896.778 -27.8911
897.67 -27.4267
898.564 -26.9639
899.46 -26.5027
900.359 -26.0432
901.259 -25.5853
902.162 -25.1291
903.068 -24.6747
903.976 -24.2219
904.886 -23.771
905.798 -23.3219
906.713 -22.8746
907.63 -22.4292
908.55 -21.9857
909.472 -21.5442
910.397 -21.1046
911.324 -20.667
912.253 -20.2315
913.185 -19.7981
914.12 -19.3668
915.057 -18.9376
915.996 -18.5106
916.938 -18.0858
917.883 -17.6633
918.83 -17.2431
919.78 -16.8252
920.732 -16.4097
921.687 -15.9966
922.645 -15.586
923.605 -15.1779
924.568 -14.7723
925.533 -14.3693
926.502 -13.9689
927.472 -13.5712
928.446 -13.1762
929.422 -12.784
930.401 -12.3945
931.382 -12.0079
932.366 -11.6242
933.353 -11.2434
934.343 -10.8657
935.335 -10.4909
936.33 -10.1192
937.327 -9.75071
938.328 -9.38535
939.331 -9.02323
940.337 -8.66438
941.345 -8.30886
942.356 -7.95672
943.37 -7.60801
944.387 -7.26278
945.406 -6.92109
946.428 -6.58299
947.453 -6.24853
948.48 -5.91776
949.51 -5.59074
950.543 -5.26752
951.579 -4.94816
952.617 -4.63271
953.657 -4.32123
954.701 -4.01376
955.747 -3.71037
956.795 -3.41112
957.847 -3.11604
958.9 -2.82522
959.957 -2.53869
961.016 -2.25651
962.077 -1.97874
963.141 -1.70544
964.207 -1.43666
965.276 -1.17246
966.347 -0.912884
967.421 -0.657999
968.497 -0.407857
969.575 -0.162511
970.656 0.0779833
971.521 -1.14629
972.623 -1.14629
973.725 -1.14629
974.828 -1.14629
975.93 -1.14629
977.032 -1.14629
978.135 -1.14628
979.237 -1.14628
980.339 -1.14628
981.442 -1.14627
982.544 -1.14627
983.646 -1.14627
984.749 -1.14626
985.851 -1.14626
986.953 -1.14625
988.056 -1.14624
989.158 -1.14624
990.261 -1.14623
991.363 -1.14622
992.465 -1.14621
993.568 -1.1462
994.67 -1.1462
995.772 -1.14619
996.875 -1.14618
997.977 -1.14617
999.079 -1.14615
1000.18 -1.14614
1001.28 -1.14613
1002.39 -1.14612
1003.49 -1.14611
1004.59 -1.14609
1005.69 -1.14608
1006.8 -1.14606
1007.9 -1.14605
1009 -1.14603
1010.1 -1.14602
1011.21 -1.146
1012.31 -1.14599
1013.41 -1.14597
1014.51 -1.14595
1015.61 -1.14593
1016.72 -1.14592
1017.82 -1.1459
1018.92 -1.14588
1020.02 -1.14586
1021.13 -1.14584
1022.23 -1.14582
1023.33 -1.1458
1024.43 -1.14577
1025.54 -1.14575
1026.64 -1.14573
1027.74 -1.14571
1028.84 -1.14568
1029.95 -1.14566
1031.05 -1.14563
1032.15 -1.14561
1033.25 -1.14558
1034.35 -1.14556
1035.46 -1.14553
1036.56 -1.1455
1037.66 -1.14548
1038.76 -1.14545
1039.87 -1.14542
1040.97 -1.14539
1042.07 -1.14536
1043.17 -1.14533
1044.27 -1.1453
1045.38 -1.14527
1046.48 -1.14524
1047.58 -1.14521
1048.68 -1.14518
1049.79 -1.14515
1050.89 -1.14511
1051.99 -1.14508
1053.09 -1.14505
1054.2 -1.14501
1055.3 -1.14498
1056.4 -1.14494
1057.5 -1.14491
1058.6 -1.14487
1059.71 -1.14484
1060.81 -1.1448
1061.91 -1.14476
1063.01 -1.14472
1064.12 -1.14469
1065.22 -1.14465
1066.32 -1.14461
1067.42 -1.14457
1068.53 -1.14453
1069.63 -1.14449
1070.73 -1.14445
1071.83 -1.14441
1072.93 -1.14436
1074.04 -1.14432
1075.14 -1.14428
1076.24 -1.14423
1077.34 -1.14419
1078.45 -1.14415
1079.55 -1.1441
1080.65 -1.14406
1081.75 -1.14401
1082.86 -1.14397
1083.96 -1.14392
1085.06 -1.14387
1086.16 -1.14382
1087.26 -1.14378
1088.37 -1.14373
1089.47 -1.14368
1090.57 -1.14363
1091.67 -1.14358
1092.78 -1.14353
1093.88 -1.14348
1094.98 -1.14343
1096.08 -1.14338
1097.19 -1.14333
1098.29 -1.14327
1099.39 -1.14322
1100.49 -1.14317
1101.59 -1.14311
1102.7 -1.14306
1103.8 -1.143
1104.9 -1.14295
1106 -1.14289
1107.11 -1.14284
1108.21 -1.14278
1109.31 -1.14272
1110.41 -1.14267
1111.52 -1.14261
1112.62 -1.14255
1113.72 -1.14249
1114.82 -1.14243
1115.93 -1.14237
1117.03 -1.14231
1118.13 -1.14225
1119.23 -1.14219
1120.34 -1.14213
1121.44 -1.14207
1122.54 -1.142
1123.64 -1.14194
1124.75 -1.14188
1125.85 -1.14181
1126.95 -1.14175
1128.05 -1.14168
1129.16 -1.14162
1130.26 -1.14155
1131.36 -1.14148
1132.46 -1.14142
1133.56 -1.14135
1134.67 -1.14128
1135.77 -1.14122
1136.87 -1.14115
1137.97 -1.14108
1139.08 -1.14101
1140.18 -1.14094
1141.28 -1.14087
1142.38 -1.1408
1143.49 -1.14072
1144.59 -1.14065
1145.69 -1.14058
1146.79 -1.14051
1147.9 -1.14043
1149 -1.14036
1150.1 -1.14029
1151.2 -1.14021
1152.31 -1.14014
1153.41 -1.14006
1154.51 -1.13998
1155.61 -1.13991
1156.72 -1.13983
1157.82 -1.13975
1158.92 -1.13968
1160.02 -1.1396
1161.13 -1.13952
1162.23 -1.13944
1163.33 -1.13936
1164.43 -1.13928
1165.53 -1.1392
1166.64 -1.13912
1167.74 -1.13904
1168.84 -1.13895
1169.94 -1.13887
1171.05 -1.13879
1172.15 -1.1387
1173.25 -1.13862
1174.35 -1.13854
1175.46 -1.13845
1176.56 -1.13837
1177.66 -1.13828
1178.76 -1.13819
1179.87 -1.13811
1180.97 -1.13802
1182.07 -1.13793
1183.17 -1.13784
1184.28 -1.13776
1185.38 -1.13767
1186.48 -1.13758
1187.58 -1.13749
1188.69 -1.1374
1189.79 -1.13731
1190.89 -1.13722
1191.99 -1.13712
1193.1 -1.13703
1194.2 -1.13694
1195.3 -1.13685
1196.4 -1.13675
1197.51 -1.13666
1198.61 -1.13656
1199.71 -1.13647
1200.81 -1.13637
1201.91 -1.13628
1203.02 -1.13618
1204.12 -1.13608
1205.22 -1.13599
1206.32 -1.13589
1207.43 -1.13579
1208.53 -1.13569
1209.63 -1.13559
1210.73 -1.13549
1211.84 -1.13539
1212.94 -1.14061
1214.04 -1.14582
1215.14 -1.15104
1216.25 -1.15625
1217.35 -1.16146
1218.45 -1.16668
1219.55 -1.17189
1220.65 -1.1771
1221.76 -1.18231
1222.86 -1.18752
1223.96 -1.19273
1225.06 -1.19794
1226.17 -1.20315
1227.27 -1.20836
1228.37 -1.21356
1229.47 -1.21877
1230.57 -1.22398
1231.68 -1.22918
1232.78 -1.23439
1233.88 -1.23959
1234.98 -1.2448
1236.08 -1.25
1237.18 -1.25521
1238.29 -1.26041
1239.39 -1.26561
1240.49 -1.27081
1241.59 -1.27601
1242.69 -1.28121
1243.8 -1.28641
1244.9 -1.29161
1246 -1.29681
1247.1 -1.30201
1248.2 -1.30721
1249.3 -1.31241
1250.4 -1.3176
1251.51 -1.3228
1252.61 -1.328
1253.71 -1.33319
1254.81 -1.33839
1255.91 -1.34358
1257.01 -1.34877
1258.11 -1.35397
1259.22 -1.35916
1260.32 -1.36435
1261.42 -1.36954
1262.52 -1.37474
1263.62 -1.37993
1264.72 -1.38512
1265.82 -1.39031
1266.93 -1.3955
1268.03 -1.40069
1269.13 -1.40587
1270.23 -1.41106
1271.33 -1.41625
1272.43 -1.42144
1273.53 -1.42662
1274.63 -1.43181
1275.73 -1.43699
1276.83 -1.44218
1277.94 -1.44736
1279.04 -1.45255
1280.14 -1.45773
1281.24 -1.46291
1282.34 -1.4681
1283.44 -1.47328
1284.54 -1.47846
1285.64 -1.48364
1286.74 -1.48882
1287.84 -1.494
1288.94 -1.49918
1290.04 -1.50436
1291.14 -1.50954
1292.25 -1.51472
1293.35 -1.5199
1294.45 -1.52507
1295.55 -1.53025
1296.65 -1.53543
1297.75 -1.5406
1298.85 -1.54578
1299.95 -1.55096
1301.05 -1.55613
1302.15 -1.5613
1303.25 -1.56648
1304.35 -1.57165
1305.45 -1.57682
1306.55 -1.582
1307.65 -1.58717
1308.75 -1.59234
1309.85 -1.59751
1310.95 -1.60268
1312.05 -1.60785
1313.15 -1.61302
1314.25 -1.61819
1315.35 -1.62336
1316.45 -1.62853
1317.55 -1.6337
1318.65 -1.63887
1319.75 -1.64403
1320.85 -1.6492
1321.95 -1.65437
1323.05 -1.65953
1324.15 -1.6647
1325.25 -1.66986
1326.35 -1.67503
1327.45 -1.68019
1328.55 -1.68536
1329.65 -1.69052
1330.75 -1.69568
1331.85 -1.70084
1332.95 -1.70601
1334.05 -1.71117
1335.15 -1.71633
1336.25 -1.72149
1337.35 -1.72665
1338.45 -1.73181
1339.55 -1.73697
1340.65 -1.74213
1341.75 -1.74729
1342.85 -1.75245
1343.95 -1.7576
1345.05 -1.76276
1346.15 -1.76792
1347.24 -1.77308
1348.34 -1.77823
1349.44 -1.78339
1350.54 -1.78854
1351.64 -1.7937
1352.74 -1.79885
1353.84 -1.80401
1354.94 -1.80916
1356.04 -1.81431
1357.14 -1.81947
1358.24 -1.82462
1359.34 -1.82977
1360.44 -1.83492
1361.53 -1.84008
1362.63 -1.84523
1363.73 -1.85038
1364.83 -1.85553
1365.93 -1.86068
1367.03 -1.86583
1368.13 -1.87098
1369.23 -1.87613
1370.33 -1.88127
1371.43 -1.88642
1372.52 -1.89157
1373.62 -1.89672
1374.72 -1.90186
1375.82 -1.90701
1376.92 -1.91216
1378.02 -1.9173
1379.12 -1.92245
1380.21 -1.92759
1381.31 -1.93274
1382.41 -1.93788
1383.51 -1.94302
1384.61 -1.94817
1385.71 -1.95331
1386.81 -1.95845
1387.9 -1.96359
1389 -1.96874
1390.1 -1.97388
1391.2 -1.97902
1392.3 -1.98416
1393.4 -1.9893
1394.5 -1.99444
1395.59 -1.99958
1396.69 -2.00472
1397.79 -2.00986
1398.89 -2.015
1399.99 -2.02013
1401.08 -2.02527
1402.18 -2.03041
1403.28 -2.03555
1404.38 -2.04068
1405.48 -2.04582
1406.58 -2.05095
1407.67 -2.05609
1408.77 -2.06122
1409.87 -2.06636
1410.97 -2.07149
1412.07 -2.07663
1413.16 -2.08176
1414.26 -2.08689
1415.36 -2.09203
1416.46 -2.09716
1417.56 -2.10229
1418.65 -2.10742
1419.75 -2.11256
1420.85 -2.11769
1421.95 -2.12282
1423.04 -2.12795
1424.14 -2.13308
1425.24 -2.13821
1426.34 -2.14334
1427.43 -2.14847
1428.53 -2.1536
1429.63 -2.15872
1430.73 -2.16385
1431.82 -2.16898
1432.92 -2.17411
1434.02 -2.17923
1435.12 -2.18436
1436.21 -2.18949
1437.31 -2.19461
1438.41 -2.19974
1439.51 -2.20486
1440.6 -2.20999
1441.7 -2.21511
1442.8 -2.22024
1443.9 -2.22536
1444.99 -2.23048
1446.09 -2.23561
1447.19 -2.24073
1448.28 -2.24585
1449.38 -2.25097
1450.48 -2.2561
1451.58 -2.26122
1452.67 -2.26634
1453.77 -2.27146
1454.87 -2.27658
1455.96 -2.2817
1457.06 -2.28682
1458.16 -2.29194
1459.26 -2.29706
1460.35 -2.30218
1461.45 -2.30729
1462.55 -2.31241
1463.64 -2.31753
1464.74 -2.32265
1465.84 -2.32776
1466.93 -2.33288
1468.03 -2.338
1469.13 -2.34311
1470.22 -2.34823
1471.32 -2.35334
1472.42 -2.35846
1473.51 -2.36357
1474.61 -2.36869
1475.71 -2.3738
1476.8 -2.37892
1477.9 -2.38403
1479 -2.38914
1480.09 -2.39426
1481.19 -2.39937
1482.29 -2.40448
1483.38 -2.40959
1484.48 -2.4147
1485.57 -2.41982
1486.67 -2.42493
1487.77 -2.43004
1488.86 -2.43515
1489.96 -2.44026
1491.06 -2.44537
1492.15 -2.45048
1493.25 -2.45559
1494.34 -2.4607
1495.44 -2.4658
1496.54 -2.47091
1497.63 -2.47602
1498.73 -2.48113
1499.83 -2.48623
1500.92 -2.49134
1502.02 -2.49645
1503.11 -2.50155
1504.21 -2.50666
1505.31 -2.51177
1506.4 -2.51687
1507.5 -2.52198
1508.59 -2.52708
1509.69 -2.53218
1510.78 -2.53729
1511.88 -2.54239
1512.98 -2.5475
1514.07 -2.5526
1515.17 -2.5577
1516.26 -2.5628
1517.36 -2.56791
1518.45 -2.57301
1519.55 -2.57811
1520.65 -2.58321
1521.74 -2.58831
1522.84 -2.59341
1523.93 -2.59851
1525.03 -2.60361
1526.12 -2.60871
1527.22 -2.61381
1528.31 -2.61891
1529.41 -2.62401
1530.51 -2.62911
1531.6 -2.63421
1532.7 -2.63931
1533.79 -2.6444
1534.89 -2.6495
1535.98 -2.6546
1537.08 -2.65969
1538.17 -2.66479
1539.27 -2.66989
1540.36 -2.67498
1541.46 -2.68008
1542.55 -2.68517
1543.65 -2.69027
1544.74 -2.69536
1545.84 -2.70046
1546.93 -2.70555
1548.03 -2.71065
1549.12 -2.71574
1550.22 -2.72083
1551.31 -2.72593
1552.41 -2.73102
1553.5 -2.73611
1554.6 -2.7412
1555.69 -2.74629
1556.79 -2.75139
1557.88 -2.75648
1558.98 -2.76157
1560.07 -2.76666
1561.17 -2.77175
1562.26 -2.77684
1563.36 -2.78193
1564.45 -2.78702
1565.55 -2.79211
1566.64 -2.7972
